106	2	1773
106	3	2333
106	0	1911
1773	6	2333
2333	5	2466
1911	7	2466
2466	5	2415
1363	2	1890
1363	0	1911
1911	7	2466
1145	2	1570
1145	3	2099
1145	0	1911
1570	6	2099
2099	5	2466
1911	7	2466
2466	5	2408
1178	2	1750
1178	3	1974
1178	0	1911
1750	6	1974
1974	5	2466
1911	7	2466
1208	2	1852
1208	3	2291
1208	0	1911
1852	6	2291
2291	5	2465
1911	7	2465
1209	2	1881
1209	3	2268
1209	0	1911
1881	6	2268
2268	5	2466
1911	7	2466
2466	5	2437
1212	2	1675
1212	3	2112
1212	0	1911
1675	6	2112
2112	5	2465
1911	7	2465
2465	5	2408
1214	2	1626
1214	3	2076
1214	0	1911
1626	6	2076
2076	5	2465
1911	7	2465
2465	5	2408
1216	2	1893
1216	3	1951
1216	0	1911
1893	6	1951
1951	5	2465
1911	7	2465
1225	2	1673
1225	3	2047
1225	0	1911
1673	6	2047
2047	5	2465
1911	7	2465
2465	5	2383
1230	2	1518
1230	3	2109
1230	0	1911
1518	6	2109
2109	5	2466
1911	7	2466
2466	5	2439
1261	3	2080
1261	0	1911
2080	5	2466
1911	7	2466
1404	2	1517
1404	3	2080
1404	0	1911
1517	6	2080
2080	5	2466
1911	7	2466
616	2	1565
616	3	1961
616	0	1911
1565	6	1961
1961	5	2466
1911	7	2466
2466	5	2421
587	2	1648
587	3	2145
587	0	1911
1648	6	2145
2145	5	2466
1911	7	2466
2466	5	2393
624	2	1565
624	3	1961
624	0	1911
1565	6	1961
1961	5	2466
1911	7	2466
2466	5	2393
611	2	1565
611	3	1961
611	0	1911
1565	6	1961
1961	5	2466
1911	7	2466
2466	5	2431
601	2	1565
601	3	1961
601	0	1911
1565	6	1961
1961	5	2466
1911	7	2466
2466	5	2421
597	3	2333
597	0	1911
2333	5	2467
1911	7	2467
2467	5	2411
1424	2	1762
1424	3	2346
1424	0	1911
1762	6	2346
2346	5	2466
1911	7	2466
2466	5	2411
609	2	1673
609	3	2045
609	0	1911
1673	6	2045
2045	5	2468
1911	7	2468
2468	5	2436
582	2	1576
582	3	2167
582	0	1911
1576	6	2167
2167	5	2466
1911	7	2466
2466	5	2417
714	2	1713
714	3	2045
714	0	1911
1713	6	2045
2045	5	2468
1911	7	2468
2468	5	2442
715	2	1615
715	3	2291
715	0	1911
1615	6	2291
2291	5	2466
1911	7	2466
2466	5	2431
610	2	1517
610	3	2080
610	0	1911
1517	6	2080
2080	5	2466
1911	7	2466
2466	5	2417
716	2	1517
716	3	2080
716	0	1911
1517	6	2080
2080	5	2466
1911	7	2466
2466	5	2431
617	3	2048
617	0	1911
2048	5	2465
1911	7	2465
2465	5	2417
614	2	1517
614	3	1977
614	0	1911
1517	6	1977
1977	5	2466
1911	7	2466
2466	5	2417
492	2	1723
492	3	2193
492	0	1911
1723	6	2193
2193	5	2468
1911	7	2468
539	2	1627
539	3	2141
539	0	1911
1627	6	2141
2141	5	2466
1911	7	2466
619	2	1576
619	3	2141
619	0	1911
1576	6	2141
2141	5	2466
1911	7	2466
654	2	1591
654	3	2084
654	0	1911
1591	6	2084
2084	5	2466
1911	7	2466
928	2	1515
928	3	2333
928	0	1911
1515	6	2333
2333	5	2467
1911	7	2467
1151	2	1852
1151	3	2291
1151	0	1911
1852	6	2291
2291	5	2465
1911	7	2465
1202	2	1516
1202	3	1982
1202	0	1911
1516	6	1982
1982	5	2465
1911	7	2465
1417	2	1633
1417	3	2056
1417	0	1911
1633	6	2056
2056	5	2466
1911	7	2466
2466	5	2461
1431	2	1702
1431	3	2088
1431	0	1911
1702	6	2088
2088	5	2466
1911	7	2466
1434	2	1702
1434	3	2089
1434	0	1911
1702	6	2089
2089	5	2466
1911	7	2466
1437	2	1505
1437	3	2201
1437	0	1911
1505	6	2201
2201	5	2464
1911	7	2464
1446	2	1798
1446	3	2109
1446	0	1911
1798	6	2109
2109	5	2466
1911	7	2466
1447	2	1845
1447	3	2045
1447	0	1911
1845	6	2045
2045	5	2466
1911	7	2466
1462	2	1803
1462	3	2185
1462	0	1911
1803	6	2185
2185	5	2466
1911	7	2466
1496	2	1876
1496	3	2154
1496	0	1911
1876	6	2154
2154	5	2466
1911	7	2466
2466	5	2434
187	2	1884
187	3	2013
187	0	1911
1884	6	2013
2013	5	2465
1911	7	2465
317	2	1516
317	3	1982
317	0	1911
1516	6	1982
1982	5	2466
1911	7	2466
422	2	1516
422	3	1976
422	0	1911
1516	6	1976
1976	5	2466
1911	7	2466
2466	5	2463
381	2	1532
381	3	2057
381	0	1911
1532	6	2057
2057	5	2465
1911	7	2465
424	2	1699
424	3	2311
424	0	1911
1699	6	2311
2311	5	2464
1911	7	2464
508	2	1525
508	3	2291
508	0	1911
1525	6	2291
2291	5	2465
1911	7	2465
736	2	1534
736	3	1950
736	0	1911
1534	6	1950
1950	5	2465
1911	7	2465
981	2	1576
981	3	1920
981	0	1911
1576	6	1920
1920	5	2466
1911	7	2466
983	2	1576
983	3	2141
983	0	1911
1576	6	2141
2141	5	2466
1911	7	2466
987	2	1849
987	3	2350
987	0	1911
1849	6	2350
2350	5	2466
1911	7	2466
990	2	1536
990	3	2299
990	0	1911
1536	6	2299
2299	5	2465
1911	7	2465
991	2	1665
991	3	2143
991	0	1911
1665	6	2143
2143	5	2466
1911	7	2466
992	2	1744
992	0	1911
1911	7	2466
993	2	1795
993	3	2162
993	0	1911
1795	6	2162
2162	5	2466
1911	7	2466
994	2	1836
994	3	2085
994	0	1911
1836	6	2085
2085	5	2466
1911	7	2466
996	0	1911
1911	7	2466
998	2	1836
998	3	2292
998	0	1911
1836	6	2292
2292	5	2465
1911	7	2465
1000	2	1518
1000	3	2140
1000	0	1911
1518	6	2140
2140	5	2466
1911	7	2466
1002	2	1576
1002	3	2141
1002	0	1911
1576	6	2141
2141	5	2466
1911	7	2466
1004	2	1673
1004	3	2141
1004	0	1911
1673	6	2141
2141	5	2466
1911	7	2466
1009	3	2333
1009	0	1911
2333	5	2466
1911	7	2466
1010	2	1577
1010	0	1911
1911	7	2467
1018	2	1617
1018	3	2343
1018	0	1911
1617	6	2343
2343	5	2467
1911	7	2467
1020	2	1576
1020	3	2141
1020	0	1911
1576	6	2141
2141	5	2466
1911	7	2466
1021	2	1822
1021	3	2245
1021	0	1911
1822	6	2245
2245	5	2466
1911	7	2466
1022	2	1880
1022	3	1944
1022	0	1911
1880	6	1944
1944	5	2465
1911	7	2465
1023	2	1852
1023	3	2276
1023	0	1911
1852	6	2276
2276	5	2465
1911	7	2465
414	2	1842
414	3	2035
414	0	1911
1842	6	2035
2035	5	2464
1911	7	2464
2464	5	2402
390	2	1534
390	3	1950
390	0	1911
1534	6	1950
1950	5	2466
1911	7	2466
1078	3	2337
1078	0	1911
2337	5	2467
1911	7	2467
1005	2	1673
1005	3	2045
1005	0	1911
1673	6	2045
2045	5	2466
1911	7	2466
1331	2	1647
1331	0	1900
1900	7	2466
2466	5	2458
1468	2	1615
1468	3	1982
1468	0	1911
1615	6	1982
1982	5	2465
1911	7	2465
1373	2	1505
1373	3	1916
1373	0	1911
1505	6	1916
1916	5	2464
1911	7	2464
1383	2	1813
1383	3	2141
1383	0	1911
1813	6	2141
2141	5	2466
1911	7	2466
2466	5	2400
1388	2	1534
1388	3	2013
1388	0	1911
1534	6	2013
2013	5	2465
1911	7	2465
2465	5	2431
1398	2	1615
1398	3	2077
1398	0	1911
1615	6	2077
2077	5	2465
1911	7	2465
2465	5	2448
164	2	1852
164	3	2291
164	0	1911
1852	6	2291
2291	5	2465
1911	7	2465
1469	2	1511
1469	3	2029
1469	0	1911
1511	6	2029
2029	5	2466
1911	7	2466
68	2	1856
68	3	2333
68	0	1911
1856	6	2333
2333	5	2467
1911	7	2467
93	2	1739
93	3	1918
93	0	1911
1739	6	1918
1918	5	2466
1911	7	2466
28	3	2094
28	0	1911
2094	5	2467
1911	7	2467
81	2	1534
81	3	1948
81	0	1911
1534	6	1948
1948	5	2465
1911	7	2465
2465	5	2397
566	2	1827
566	3	2333
566	0	1911
1827	6	2333
2333	5	2466
1911	7	2466
1400	2	1566
1400	3	1951
1400	0	1911
1566	6	1951
1951	5	2465
1911	7	2465
2465	5	2404
400	3	2056
400	0	1911
2056	5	2465
1911	7	2465
2465	5	2403
446	2	1576
446	0	1911
1911	7	2466
277	2	1852
277	0	1911
1911	7	2465
205	0	1911
1911	7	2466
112	2	1585
112	3	2278
112	0	1911
1585	6	2278
2278	5	2466
1911	7	2466
1350	2	1500
1350	3	1993
1350	0	1911
1500	6	1993
1993	5	2466
1911	7	2466
1338	2	1505
1338	3	1944
1338	0	1911
1505	6	1944
1944	5	2464
1911	7	2464
2464	5	2383
34	2	1571
34	3	2287
34	0	1911
1571	6	2287
2287	5	2466
1911	7	2466
2466	5	2431
1346	2	1854
1346	0	1911
1911	7	2466
475	2	1505
475	3	1944
475	0	1911
1505	6	1944
1944	5	2464
1911	7	2464
495	2	1547
495	0	1911
1911	7	2466
503	2	1619
503	0	1911
1911	7	2466
517	2	1832
517	3	1938
517	0	1911
1832	6	1938
1938	5	2466
1911	7	2466
544	2	1534
544	3	2289
544	0	1911
1534	6	2289
2289	5	2466
1911	7	2466
573	2	1568
573	3	2114
573	0	1911
1568	6	2114
2114	5	2465
1911	7	2465
574	2	1514
574	0	1911
1911	7	2466
576	2	1821
576	3	2060
576	0	1911
1821	6	2060
2060	5	2466
1911	7	2466
580	2	1648
580	3	2190
580	0	1911
1648	6	2190
2190	5	2466
1911	7	2466
581	2	1809
581	0	1911
1911	7	2466
586	2	1774
586	0	1911
1911	7	2466
656	2	1517
656	3	2279
656	0	1911
1517	6	2279
2279	5	2466
1911	7	2466
674	2	1679
674	3	2168
674	0	1911
1679	6	2168
2168	5	2468
1911	7	2468
678	2	1534
678	3	2360
678	0	1911
1534	6	2360
2360	5	2465
1911	7	2465
685	2	1522
685	3	1986
685	0	1911
1522	6	1986
1986	5	2466
1911	7	2466
689	2	1765
689	0	1911
1911	7	2466
690	2	1534
690	3	1969
690	0	1911
1534	6	1969
1969	5	2466
1911	7	2466
691	2	1775
691	3	2011
691	0	1911
1775	6	2011
2011	5	2466
1911	7	2466
702	2	1673
702	3	2047
702	0	1911
1673	6	2047
2047	5	2466
1911	7	2466
742	2	1534
742	3	2055
742	0	1911
1534	6	2055
2055	5	2465
1911	7	2465
769	2	1638
769	3	2341
769	0	1911
1638	6	2341
2341	5	2467
1911	7	2467
772	2	1542
772	3	2025
772	0	1911
1542	6	2025
2025	5	2466
1911	7	2466
774	2	1534
774	0	1911
1911	7	2466
777	2	1592
777	3	2086
777	0	1911
1592	6	2086
2086	5	2466
1911	7	2466
793	2	1749
793	3	2151
793	0	1911
1749	6	2151
2151	5	2465
1911	7	2465
794	2	1896
794	3	2333
794	0	1911
1896	6	2333
2333	5	2465
1911	7	2465
797	2	1798
797	0	1911
1911	7	2466
804	3	2106
804	0	1911
2106	5	2466
1911	7	2466
805	2	1534
805	3	1950
805	0	1911
1534	6	1950
1950	5	2465
1911	7	2465
806	2	1798
806	3	2109
806	0	1911
1798	6	2109
2109	5	2466
1911	7	2466
811	2	1852
811	3	1925
811	0	1911
1852	6	1925
1925	5	2465
1911	7	2465
813	2	1594
813	3	2311
813	0	1911
1594	6	2311
2311	5	2466
1911	7	2466
817	2	1575
817	0	1911
1911	7	2466
820	2	1632
820	3	1960
820	0	1911
1632	6	1960
1960	5	2466
1911	7	2466
821	2	1852
821	3	2037
821	0	1911
1852	6	2037
2037	5	2465
1911	7	2465
823	2	1580
823	3	2255
823	0	1911
1580	6	2255
2255	5	2466
1911	7	2466
825	2	1852
825	3	2038
825	0	1911
1852	6	2038
2038	5	2465
1911	7	2465
829	2	1724
829	3	1917
829	0	1911
1724	6	1917
1917	5	2466
1911	7	2466
830	2	1698
830	3	2033
830	0	1911
1698	6	2033
2033	5	2466
1911	7	2466
835	2	1673
835	3	2045
835	0	1911
1673	6	2045
2045	5	2466
1911	7	2466
840	2	1698
840	3	1917
840	0	1911
1698	6	1917
1917	5	2466
1911	7	2466
873	2	1825
873	3	2258
873	0	1911
1825	6	2258
2258	5	2465
1911	7	2465
881	2	1683
881	3	2012
881	0	1911
1683	6	2012
2012	5	2466
1911	7	2466
882	2	1534
882	3	1948
882	0	1911
1534	6	1948
1948	5	2465
1911	7	2465
885	2	1534
885	3	1957
885	0	1911
1534	6	1957
1957	5	2465
1911	7	2465
895	2	1673
895	3	2045
895	0	1911
1673	6	2045
2045	5	2466
1911	7	2466
896	2	1611
896	3	2141
896	0	1911
1611	6	2141
2141	5	2468
1911	7	2468
898	2	1896
898	3	2343
898	0	1911
1896	6	2343
2343	5	2465
1911	7	2465
900	2	1739
900	3	2334
900	0	1911
1739	6	2334
2334	5	2466
1911	7	2466
901	2	1684
901	3	2371
901	0	1911
1684	6	2371
2371	5	2467
1911	7	2467
902	2	1634
902	3	2313
902	0	1911
1634	6	2313
2313	5	2464
1911	7	2464
903	2	1751
903	0	1911
1911	7	2467
907	2	1555
907	3	2331
907	0	1911
1555	6	2331
2331	5	2466
1911	7	2466
921	2	1534
921	0	1911
1911	7	2465
932	2	1580
932	3	2141
932	0	1911
1580	6	2141
2141	5	2466
1911	7	2466
937	2	1576
937	3	2045
937	0	1911
1576	6	2045
2045	5	2468
1911	7	2468
941	2	1576
941	3	2255
941	0	1911
1576	6	2255
2255	5	2466
1911	7	2466
947	2	1673
947	3	2141
947	0	1911
1673	6	2141
2141	5	2466
1911	7	2466
954	2	1576
954	3	2255
954	0	1911
1576	6	2255
2255	5	2466
1911	7	2466
955	2	1673
955	3	2146
955	0	1911
1673	6	2146
2146	5	2466
1911	7	2466
958	3	2307
958	0	1911
2307	5	2466
1911	7	2466
961	2	1580
961	3	2261
961	0	1911
1580	6	2261
2261	5	2466
1911	7	2466
962	2	1576
962	3	2141
962	0	1911
1576	6	2141
2141	5	2466
1911	7	2466
963	2	1580
963	3	2255
963	0	1911
1580	6	2255
2255	5	2466
1911	7	2466
964	2	1576
964	3	2141
964	0	1911
1576	6	2141
2141	5	2466
1911	7	2466
965	2	1673
965	3	2141
965	0	1911
1673	6	2141
2141	5	2468
1911	7	2468
967	2	1742
967	3	2141
967	0	1911
1742	6	2141
2141	5	2466
1911	7	2466
968	2	1580
968	3	2141
968	0	1911
1580	6	2141
2141	5	2466
1911	7	2466
969	2	1576
969	3	2200
969	0	1911
1576	6	2200
2200	5	2466
1911	7	2466
970	2	1576
970	3	2257
970	0	1911
1576	6	2257
2257	5	2466
1911	7	2466
972	2	1576
972	3	2141
972	0	1911
1576	6	2141
2141	5	2466
1911	7	2466
976	2	1505
976	3	2302
976	0	1911
1505	6	2302
2302	5	2464
1911	7	2464
977	2	1576
977	3	2255
977	0	1911
1576	6	2255
2255	5	2466
1911	7	2466
978	2	1852
978	3	2058
978	0	1911
1852	6	2058
2058	5	2465
1911	7	2465
986	2	1589
986	3	2141
986	0	1911
1589	6	2141
2141	5	2466
1911	7	2466
1011	2	1576
1011	0	1911
1911	7	2466
1012	2	1714
1012	3	2135
1012	0	1911
1714	6	2135
2135	5	2466
1911	7	2466
1013	2	1576
1013	3	2257
1013	0	1911
1576	6	2257
2257	5	2466
1911	7	2466
1015	2	1576
1015	3	2220
1015	0	1911
1576	6	2220
2220	5	2466
1911	7	2466
1016	2	1576
1016	3	2179
1016	0	1911
1576	6	2179
2179	5	2466
1911	7	2466
1025	2	1836
1025	3	1917
1025	0	1911
1836	6	1917
1917	5	2465
1911	7	2465
1026	2	1673
1026	3	2169
1026	0	1911
1673	6	2169
2169	5	2464
1911	7	2464
1032	2	1639
1032	3	2220
1032	0	1911
1639	6	2220
2220	5	2466
1911	7	2466
1033	2	1580
1033	3	2064
1033	0	1911
1580	6	2064
2064	5	2466
1911	7	2466
1034	2	1576
1034	3	2141
1034	0	1911
1576	6	2141
2141	5	2466
1911	7	2466
1035	2	1576
1035	3	2141
1035	0	1911
1576	6	2141
2141	5	2466
1911	7	2466
1036	2	1673
1036	3	2210
1036	0	1911
1673	6	2210
2210	5	2466
1911	7	2466
1039	2	1576
1039	3	2141
1039	0	1911
1576	6	2141
2141	5	2466
1911	7	2466
1040	2	1576
1040	3	2215
1040	0	1911
1576	6	2215
2215	5	2466
1911	7	2466
1051	2	1550
1051	3	2143
1051	0	1911
1550	6	2143
2143	5	2466
1911	7	2466
1061	2	1580
1061	3	2135
1061	0	1911
1580	6	2135
2135	5	2466
1911	7	2466
1064	2	1580
1064	3	2260
1064	0	1911
1580	6	2260
2260	5	2466
1911	7	2466
1074	2	1576
1074	3	2141
1074	0	1911
1576	6	2141
2141	5	2466
1911	7	2466
1076	2	1576
1076	3	2141
1076	0	1911
1576	6	2141
2141	5	2466
1911	7	2466
1081	2	1579
1081	3	2141
1081	0	1911
1579	6	2141
2141	5	2468
1911	7	2468
1083	2	1576
1083	3	2141
1083	0	1911
1576	6	2141
2141	5	2466
1911	7	2466
1084	2	1576
1084	3	2141
1084	0	1911
1576	6	2141
2141	5	2466
1911	7	2466
1085	2	1565
1085	3	2109
1085	0	1911
1565	6	2109
2109	5	2466
1911	7	2466
1090	2	1576
1090	3	2220
1090	0	1911
1576	6	2220
2220	5	2466
1911	7	2466
1091	2	1607
1091	3	2364
1091	0	1911
1607	6	2364
2364	5	2466
1911	7	2466
1093	2	1576
1093	3	2044
1093	0	1911
1576	6	2044
2044	5	2466
1911	7	2466
1095	2	1585
1095	3	2141
1095	0	1911
1585	6	2141
2141	5	2466
1911	7	2466
1107	2	1576
1107	3	2257
1107	0	1911
1576	6	2257
2257	5	2466
1911	7	2466
1110	2	1580
1110	3	2296
1110	0	1911
1580	6	2296
2296	5	2466
1911	7	2466
1111	2	1673
1111	3	2047
1111	0	1911
1673	6	2047
2047	5	2466
1911	7	2466
1112	2	1576
1112	3	2141
1112	0	1911
1576	6	2141
2141	5	2466
1911	7	2466
1121	2	1836
1121	3	1917
1121	0	1911
1836	6	1917
1917	5	2465
1911	7	2465
1128	2	1836
1128	3	1917
1128	0	1911
1836	6	1917
1917	5	2465
1911	7	2465
86	2	1683
86	3	2063
86	0	1911
1683	6	2063
2063	5	2464
1911	7	2464
37	2	1560
37	3	2276
37	0	1911
1560	6	2276
2276	5	2465
1911	7	2465
79	2	1576
79	3	2229
79	0	1911
1576	6	2229
2229	5	2466
1911	7	2466
223	2	1576
223	3	2042
223	0	1911
1576	6	2042
2042	5	2465
1911	7	2465
58	2	1852
58	3	2141
58	0	1911
1852	6	2141
2141	5	2466
1911	7	2466
69	2	1576
69	3	2141
69	0	1911
1576	6	2141
2141	5	2466
1911	7	2466
122	2	1590
122	3	2141
122	0	1911
1590	6	2141
2141	5	2466
1911	7	2466
2466	5	2404
94	2	1537
94	3	2334
94	0	1911
1537	6	2334
2334	5	2466
1911	7	2466
2466	5	2411
131	2	1865
131	3	2297
131	0	1911
1865	6	2297
2297	5	2466
1911	7	2466
150	2	1585
150	3	2285
150	0	1911
1585	6	2285
2285	5	2466
1911	7	2466
70	2	1729
70	3	2263
70	0	1911
1729	6	2263
2263	5	2466
1911	7	2466
132	2	1576
132	3	2254
132	0	1911
1576	6	2254
2254	5	2466
1911	7	2466
137	2	1638
137	3	2343
137	0	1911
1638	6	2343
2343	5	2468
1911	7	2468
12	3	2047
12	0	1911
2047	5	2466
1911	7	2466
2466	5	2404
161	2	1526
161	0	1911
1911	7	2466
197	2	1506
197	3	2333
197	0	1911
1506	6	2333
2333	5	2466
1911	7	2466
2466	5	2435
13	2	1576
13	3	2220
13	0	1911
1576	6	2220
2220	5	2466
1911	7	2466
2466	5	2431
115	2	1580
115	0	1911
1911	7	2466
2466	5	2383
219	2	1580
219	3	2255
219	0	1911
1580	6	2255
2255	5	2466
1911	7	2466
170	2	1818
170	3	2233
170	0	1911
1818	6	2233
2233	5	2466
1911	7	2466
255	2	1836
255	3	1917
255	0	1911
1836	6	1917
1917	5	2465
1911	7	2465
243	2	1576
243	3	2135
243	0	1911
1576	6	2135
2135	5	2466
1911	7	2466
169	2	1855
169	3	2029
169	0	1911
1855	6	2029
2029	5	2466
1911	7	2466
145	2	1702
145	3	2216
145	0	1911
1702	6	2216
2216	5	2464
1911	7	2464
2464	5	2404
228	3	2141
228	0	1911
2141	5	2466
1911	7	2466
144	2	1712
144	3	2220
144	0	1911
1712	6	2220
2220	5	2466
1911	7	2466
184	2	1576
184	3	2141
184	0	1911
1576	6	2141
2141	5	2466
1911	7	2466
2466	5	2383
247	2	1638
247	3	2341
247	0	1911
1638	6	2341
2341	5	2466
1911	7	2466
177	2	1889
177	3	2109
177	0	1911
1889	6	2109
2109	5	2466
1911	7	2466
189	2	1580
189	3	2141
189	0	1911
1580	6	2141
2141	5	2466
1911	7	2466
301	2	1872
301	3	2175
301	0	1911
1872	6	2175
2175	5	2466
1911	7	2466
268	2	1628
268	0	1911
1911	7	2466
196	2	1722
196	3	2141
196	0	1911
1722	6	2141
2141	5	2465
1911	7	2465
304	2	1534
304	0	1911
1911	7	2465
2465	5	2383
248	2	1534
248	3	2045
248	0	1911
1534	6	2045
2045	5	2465
1911	7	2465
188	2	1559
188	3	1934
188	0	1911
1559	6	1934
1934	5	2466
1911	7	2466
1347	2	1576
1347	3	2255
1347	0	1911
1576	6	2255
2255	5	2466
1911	7	2466
2466	5	2431
109	2	1576
109	3	2237
109	0	1911
1576	6	2237
2237	5	2466
1911	7	2466
261	2	1576
261	3	2135
261	0	1911
1576	6	2135
2135	5	2466
1911	7	2466
356	2	1639
356	3	2141
356	0	1911
1639	6	2141
2141	5	2466
1911	7	2466
373	2	1639
373	3	2220
373	0	1911
1639	6	2220
2220	5	2466
1911	7	2466
2466	5	2404
175	2	1502
175	3	2342
175	0	1911
1502	6	2342
2342	5	2465
1911	7	2465
2465	5	2416
295	2	1534
295	3	2332
295	0	1911
1534	6	2332
2332	5	2465
1911	7	2465
98	2	1871
98	3	2126
98	0	1911
1871	6	2126
2126	5	2465
1911	7	2465
1374	2	1871
1374	3	1965
1374	0	1911
1871	6	1965
1965	5	2465
1911	7	2465
2465	5	2431
155	2	1646
155	0	1911
1911	7	2467
102	2	1673
102	3	2045
102	0	1911
1673	6	2045
2045	5	2466
1911	7	2466
168	3	2322
168	0	1911
2322	5	2466
1911	7	2466
366	0	1911
1911	7	2464
265	2	1868
265	3	2282
265	0	1911
1868	6	2282
2282	5	2468
1911	7	2468
254	2	1556
254	3	2314
254	0	1911
1556	6	2314
2314	5	2466
1911	7	2466
293	2	1836
293	3	1917
293	0	1911
1836	6	1917
1917	5	2465
1911	7	2465
179	2	1517
179	3	1978
179	0	1911
1517	6	1978
1978	5	2466
1911	7	2466
148	2	1648
148	3	2123
148	0	1911
1648	6	2123
2123	5	2466
1911	7	2466
358	2	1638
358	3	2341
358	0	1911
1638	6	2341
2341	5	2467
1911	7	2467
256	2	1654
256	0	1911
1911	7	2466
284	3	2333
284	0	1911
2333	5	2466
1911	7	2466
242	2	1530
242	3	2349
242	0	1911
1530	6	2349
2349	5	2466
1911	7	2466
2466	5	2404
162	2	1638
162	3	2341
162	0	1911
1638	6	2341
2341	5	2466
1911	7	2466
299	2	1517
299	3	2225
299	0	1911
1517	6	2225
2225	5	2466
1911	7	2466
2466	5	2431
369	2	1673
369	0	1911
1911	7	2466
292	2	1648
292	3	2333
292	0	1911
1648	6	2333
2333	5	2467
1911	7	2467
2467	5	2431
318	2	1677
318	0	1911
1911	7	2466
130	2	1736
130	3	2090
130	0	1911
1736	6	2090
2090	5	2466
1911	7	2466
267	2	1641
267	3	2337
267	0	1911
1641	6	2337
2337	5	2467
1911	7	2467
2467	5	2431
1360	2	1763
1360	3	2356
1360	0	1911
1763	6	2356
2356	5	2464
1911	7	2464
2464	5	2383
38	2	1558
38	3	2109
38	0	1911
1558	6	2109
2109	5	2466
1911	7	2466
33	0	1911
1911	7	2466
10	2	1846
10	3	1982
10	0	1911
1846	6	1982
1982	5	2465
1911	7	2465
2465	5	2397
14	2	1816
14	3	2244
14	0	1911
1816	6	2244
2244	5	2466
1911	7	2466
2466	5	2397
40	2	1627
40	0	1911
1911	7	2466
2466	5	2431
45	2	1593
45	3	2091
45	0	1911
1593	6	2091
2091	5	2466
1911	7	2466
2466	5	2411
66	2	1635
66	3	2045
66	0	1911
1635	6	2045
2045	5	2466
1911	7	2466
2466	5	2411
27	2	1517
27	3	2225
27	0	1911
1517	6	2225
2225	5	2466
1911	7	2466
2466	5	2432
43	0	1911
1911	7	2466
2466	5	2411
30	2	1829
30	0	1910
1910	7	2465
2465	5	2396
47	2	1648
47	3	2369
47	0	1911
1648	6	2369
2369	5	2466
1911	7	2466
2466	5	2431
1335	2	1836
1335	3	1917
1335	0	1911
1836	6	1917
1917	5	2465
1911	7	2465
2465	5	2397
1336	2	1813
1336	3	2047
1336	0	1911
1813	6	2047
2047	5	2466
1911	7	2466
2466	5	2397
1345	2	1534
1345	0	1911
1911	7	2465
2465	5	2397
399	2	1534
399	0	1911
1911	7	2465
2465	5	2406
403	2	1859
403	3	2070
403	0	1911
1859	6	2070
2070	5	2466
1911	7	2466
427	2	1824
427	3	2314
427	0	1911
1824	6	2314
2314	5	2466
1911	7	2466
2466	5	2404
386	3	2026
386	0	1911
2026	5	2466
1911	7	2466
2466	5	2419
428	2	1701
428	3	1973
428	0	1911
1701	6	1973
1973	5	2466
1911	7	2466
2466	5	2411
1399	2	1751
1399	0	1911
1911	7	2466
440	2	1615
440	3	2050
440	0	1911
1615	6	2050
2050	5	2466
1911	7	2466
2466	5	2411
431	2	1627
431	3	2141
431	0	1911
1627	6	2141
2141	5	2466
1911	7	2466
2466	5	2410
660	2	1843
660	3	2283
660	0	1911
1843	6	2283
2283	5	2466
1911	7	2466
383	2	1777
383	3	2324
383	0	1911
1777	6	2324
2324	5	2466
1911	7	2466
2466	5	2411
354	2	1873
354	0	1911
1911	7	2466
363	2	1782
363	3	2033
363	0	1911
1782	6	2033
2033	5	2466
1911	7	2466
340	2	1745
340	3	2114
340	0	1911
1745	6	2114
2114	5	2466
1911	7	2466
141	2	1673
141	3	2047
141	0	1911
1673	6	2047
2047	5	2466
1911	7	2466
103	2	1797
103	0	1911
1911	7	2466
298	2	1517
298	3	2004
298	0	1911
1517	6	2004
2004	5	2466
1911	7	2466
193	2	1539
193	3	2033
193	0	1911
1539	6	2033
2033	5	2465
1911	7	2465
1351	2	1539
1351	3	2114
1351	0	1911
1539	6	2114
2114	5	2465
1911	7	2465
73	2	1720
73	3	2052
73	0	1911
1720	6	2052
2052	5	2468
1911	7	2468
2468	5	2397
591	2	1720
591	3	2345
591	0	1911
1720	6	2345
2345	5	2468
1911	7	2468
59	2	1517
59	0	1911
1911	7	2466
2466	5	2397
5	2	1517
5	3	2002
5	0	1911
1517	6	2002
2002	5	2466
1911	7	2466
2466	5	2397
1	2	1517
1	3	2278
1	0	1911
1517	6	2278
2278	5	2466
1911	7	2466
2466	5	2397
1305	2	1707
1305	3	2124
1305	0	1911
1707	6	2124
2124	5	2466
1911	7	2466
2466	5	2454
411	3	2235
411	0	1911
2235	5	2465
1911	7	2465
296	2	1517
296	3	2278
296	0	1911
1517	6	2278
2278	5	2466
1911	7	2466
1344	2	1740
1344	3	2194
1344	0	1911
1740	6	2194
2194	5	2466
1911	7	2466
227	2	1615
227	0	1911
1911	7	2465
1470	2	1505
1470	3	1915
1470	0	1911
1505	6	1915
1915	5	2464
1911	7	2464
1378	2	1673
1378	3	2045
1378	0	1911
1673	6	2045
2045	5	2466
1911	7	2466
226	2	1825
226	0	1911
1911	7	2466
229	2	1716
229	3	2109
229	0	1911
1716	6	2109
2109	5	2467
1911	7	2467
2467	5	2383
186	2	1720
186	3	2052
186	0	1911
1720	6	2052
2052	5	2468
1911	7	2468
288	3	2031
288	0	1911
2031	5	2465
1911	7	2465
1376	2	1686
1376	3	2221
1376	0	1911
1686	6	2221
2221	5	2465
1911	7	2465
652	0	1911
1911	7	2466
2466	5	2425
888	2	1534
888	3	1970
888	0	1911
1534	6	1970
1970	5	2465
1911	7	2465
2465	5	2456
456	2	1833
456	3	2046
456	0	1911
1833	6	2046
2046	5	2466
1911	7	2466
458	2	1812
458	3	1973
458	0	1911
1812	6	1973
1973	5	2466
1911	7	2466
459	2	1647
459	3	2214
459	0	1911
1647	6	2214
2214	5	2466
1911	7	2466
460	2	1572
460	0	1911
1911	7	2464
462	2	1513
462	3	2013
462	0	1911
1513	6	2013
2013	5	2465
1911	7	2465
464	2	1648
464	3	2369
464	0	1911
1648	6	2369
2369	5	2466
1911	7	2466
2466	5	2421
461	2	1702
461	3	2049
461	0	1911
1702	6	2049
2049	5	2466
1911	7	2466
1352	2	1836
1352	3	1917
1352	0	1911
1836	6	1917
1917	5	2465
1911	7	2465
445	2	1576
445	3	2255
445	0	1911
1576	6	2255
2255	5	2466
1911	7	2466
589	2	1789
589	3	2141
589	0	1911
1789	6	2141
2141	5	2466
1911	7	2466
670	2	1580
670	3	1959
670	0	1911
1580	6	1959
1959	5	2466
1911	7	2466
730	2	1576
730	3	2161
730	0	1911
1576	6	2161
2161	5	2466
1911	7	2466
731	2	1576
731	3	2255
731	0	1911
1576	6	2255
2255	5	2466
1911	7	2466
1008	2	1789
1008	3	2141
1008	0	1911
1789	6	2141
2141	5	2466
1911	7	2466
1014	2	1576
1014	3	2257
1014	0	1911
1576	6	2257
2257	5	2466
1911	7	2466
1059	2	1576
1059	3	2236
1059	0	1911
1576	6	2236
2236	5	2466
1911	7	2466
786	2	1518
786	0	1911
1911	7	2466
204	2	1855
204	0	1911
1911	7	2466
157	2	1749
157	3	2344
157	0	1911
1749	6	2344
2344	5	2465
1911	7	2465
339	2	1655
339	3	1996
339	0	1911
1655	6	1996
1996	5	2466
1911	7	2466
328	2	1505
328	3	1915
328	0	1902
1505	6	1915
1915	5	2464
1902	7	2464
2464	5	2439
264	2	1534
264	3	1950
264	0	1911
1534	6	1950
1950	5	2465
1911	7	2465
1349	2	1615
1349	3	2186
1349	0	1911
1615	6	2186
2186	5	2466
1911	7	2466
260	2	1523
260	3	2226
260	0	1911
1523	6	2226
2226	5	2465
1911	7	2465
862	2	1534
862	3	1946
862	0	1911
1534	6	1946
1946	5	2466
1911	7	2466
1478	2	1534
1478	3	1950
1478	0	1911
1534	6	1950
1950	5	2465
1911	7	2465
858	3	2078
858	0	1911
2078	5	2465
1911	7	2465
891	3	2202
891	0	1911
2202	5	2466
1911	7	2466
799	2	1639
799	3	2045
799	0	1911
1639	6	2045
2045	5	2466
1911	7	2466
500	2	1604
500	3	2215
500	0	1911
1604	6	2215
2215	5	2466
1911	7	2466
593	2	1517
593	3	1936
593	0	1911
1517	6	1936
1936	5	2466
1911	7	2466
599	2	1737
599	0	1911
1911	7	2466
684	2	1517
684	0	1911
1911	7	2465
929	2	1811
929	3	2045
929	0	1911
1811	6	2045
2045	5	2466
1911	7	2466
884	2	1640
884	3	2009
884	0	1911
1640	6	2009
2009	5	2465
1911	7	2465
927	2	1601
927	3	2077
927	0	1911
1601	6	2077
2077	5	2466
1911	7	2466
877	2	1862
877	0	1911
1911	7	2468
1044	0	1911
1911	7	2466
853	2	1653
853	3	2092
853	0	1911
1653	6	2092
2092	5	2465
1911	7	2465
602	2	1576
602	3	2246
602	0	1911
1576	6	2246
2246	5	2466
1911	7	2466
604	2	1739
604	0	1911
1911	7	2466
600	2	1534
600	3	1950
600	0	1911
1534	6	1950
1950	5	2465
1911	7	2465
687	2	1576
687	0	1911
1911	7	2465
801	2	1780
801	3	2109
801	0	1911
1780	6	2109
2109	5	2465
1911	7	2465
946	2	1615
946	3	2016
946	0	1911
1615	6	2016
2016	5	2465
1911	7	2465
1003	3	1973
1003	0	1911
1973	5	2466
1911	7	2466
1038	2	1676
1038	0	1911
1911	7	2467
783	0	1911
1911	7	2466
866	2	1678
866	0	1911
1911	7	2466
870	2	1717
870	3	2295
870	0	1911
1717	6	2295
2295	5	2466
1911	7	2466
874	3	2336
874	0	1911
2336	5	2467
1911	7	2467
1056	3	1935
1056	0	1911
1935	5	2467
1911	7	2467
1097	3	2361
1097	0	1911
2361	5	2466
1911	7	2466
1114	2	1892
1114	3	2057
1114	0	1911
1892	6	2057
2057	5	2465
1911	7	2465
1122	0	1911
1911	7	2466
822	2	1682
822	3	2373
822	0	1911
1682	6	2373
2373	5	2466
1911	7	2466
951	2	1852
951	0	1911
1911	7	2465
1066	2	1892
1066	3	2101
1066	0	1911
1892	6	2101
2101	5	2467
1911	7	2467
1079	2	1776
1079	3	2053
1079	0	1911
1776	6	2053
2053	5	2468
1911	7	2468
1088	2	1533
1088	3	2025
1088	0	1911
1533	6	2025
2025	5	2466
1911	7	2466
1116	2	1717
1116	0	1911
1911	7	2464
1124	2	1615
1124	0	1911
1911	7	2466
778	2	1534
778	3	1950
778	0	1911
1534	6	1950
1950	5	2465
1911	7	2465
792	0	1911
1911	7	2466
802	2	1742
802	3	2141
802	0	1911
1742	6	2141
2141	5	2465
1911	7	2465
827	2	1852
827	3	2058
827	0	1911
1852	6	2058
2058	5	2464
1911	7	2464
857	2	1673
857	3	2141
857	0	1911
1673	6	2141
2141	5	2466
1911	7	2466
886	2	1576
886	3	2141
886	0	1911
1576	6	2141
2141	5	2466
1911	7	2466
942	2	1724
942	3	2114
942	0	1911
1724	6	2114
2114	5	2466
1911	7	2466
1037	0	1911
1911	7	2466
1082	2	1534
1082	3	1950
1082	0	1911
1534	6	1950
1950	5	2465
1911	7	2465
781	2	1864
781	3	2033
781	0	1911
1864	6	2033
2033	5	2466
1911	7	2466
1045	2	1720
1045	3	2010
1045	0	1911
1720	6	2010
2010	5	2468
1911	7	2468
798	2	1634
798	3	2016
798	0	1911
1634	6	2016
2016	5	2465
1911	7	2465
816	2	1755
816	3	2280
816	0	1911
1755	6	2280
2280	5	2468
1911	7	2468
944	0	1911
1911	7	2467
913	2	1755
913	0	1911
1911	7	2468
945	2	1833
945	0	1911
1911	7	2466
1069	2	1802
1069	3	2305
1069	0	1911
1802	6	2305
2305	5	2466
1911	7	2466
693	2	1701
693	3	2204
693	0	1911
1701	6	2204
2204	5	2466
1911	7	2466
701	2	1745
701	3	2114
701	0	1911
1745	6	2114
2114	5	2466
1911	7	2466
892	2	1742
892	3	2141
892	0	1911
1742	6	2141
2141	5	2466
1911	7	2466
906	3	2098
906	0	1911
2098	5	2465
1911	7	2465
966	2	1518
966	0	1911
1911	7	2467
982	2	1539
982	3	2114
982	0	1911
1539	6	2114
2114	5	2465
1911	7	2465
1080	2	1782
1080	3	2114
1080	0	1911
1782	6	2114
2114	5	2466
1911	7	2466
760	3	2348
760	0	1911
2348	5	2466
1911	7	2466
765	2	1755
765	3	2311
765	0	1911
1755	6	2311
2311	5	2464
1911	7	2464
865	2	1505
865	3	2303
865	0	1911
1505	6	2303
2303	5	2464
1911	7	2464
995	2	1825
995	3	2314
995	0	1911
1825	6	2314
2314	5	2466
1911	7	2466
1052	2	1820
1052	3	2001
1052	0	1911
1820	6	2001
2001	5	2466
1911	7	2466
833	2	1852
833	3	2303
833	0	1911
1852	6	2303
2303	5	2465
1911	7	2465
918	2	1510
918	3	2021
918	0	1911
1510	6	2021
2021	5	2466
1911	7	2466
1120	2	1697
1120	0	1911
1911	7	2466
1125	2	1611
1125	3	2141
1125	0	1911
1611	6	2141
2141	5	2466
1911	7	2466
700	2	1864
700	3	2126
700	0	1911
1864	6	2126
2126	5	2466
1911	7	2466
832	2	1745
832	3	2138
832	0	1911
1745	6	2138
2138	5	2466
1911	7	2466
931	2	1749
931	0	1911
1911	7	2468
1072	2	1627
1072	0	1911
1911	7	2466
1129	2	1708
1129	3	2274
1129	0	1911
1708	6	2274
2274	5	2464
1911	7	2464
809	2	1546
809	3	2034
809	0	1911
1546	6	2034
2034	5	2466
1911	7	2466
939	2	1627
939	3	2069
939	0	1911
1627	6	2069
2069	5	2466
1911	7	2466
1067	2	1759
1067	3	2311
1067	0	1911
1759	6	2311
2311	5	2464
1911	7	2464
1094	0	1911
1911	7	2466
812	2	1697
812	0	1911
1911	7	2466
856	3	2016
856	0	1911
2016	5	2465
1911	7	2465
949	2	1753
949	3	2143
949	0	1911
1753	6	2143
2143	5	2466
1911	7	2466
1117	2	1627
1117	0	1911
1911	7	2466
1104	2	1742
1104	3	2177
1104	0	1911
1742	6	2177
2177	5	2466
1911	7	2466
551	2	1558
551	3	2109
551	0	1911
1558	6	2109
2109	5	2466
1911	7	2466
552	0	1911
1911	7	2465
773	2	1820
773	0	1911
1911	7	2466
775	2	1510
775	3	2221
775	0	1911
1510	6	2221
2221	5	2466
1911	7	2466
791	2	1852
791	0	1911
1911	7	2465
887	2	1842
887	3	2036
887	0	1911
1842	6	2036
2036	5	2465
1911	7	2465
894	2	1576
894	3	2141
894	0	1911
1576	6	2141
2141	5	2466
1911	7	2466
950	2	1759
950	3	2187
950	0	1911
1759	6	2187
2187	5	2464
1911	7	2464
1055	2	1615
1055	3	2142
1055	0	1911
1615	6	2142
2142	5	2465
1911	7	2465
1073	2	1615
1073	3	2079
1073	0	1911
1615	6	2079
2079	5	2465
1911	7	2465
1101	2	1615
1101	3	2184
1101	0	1911
1615	6	2184
2184	5	2466
1911	7	2466
1365	2	1805
1365	3	2082
1365	0	1911
1805	6	2082
2082	5	2466
1911	7	2466
796	2	1649
796	3	2045
796	0	1911
1649	6	2045
2045	5	2466
1911	7	2466
814	2	1842
814	3	2291
814	0	1911
1842	6	2291
2291	5	2465
1911	7	2465
322	2	1576
322	3	2135
322	0	1911
1576	6	2135
2135	5	2466
1911	7	2466
250	2	1774
250	3	1939
250	0	1911
1774	6	1939
1939	5	2466
1911	7	2466
210	2	1647
210	3	2333
210	0	1911
1647	6	2333
2333	5	2465
1911	7	2465
278	2	1604
278	0	1911
1911	7	2467
287	2	1534
287	3	1972
287	0	1911
1534	6	1972
1972	5	2466
1911	7	2466
126	0	1911
1911	7	2465
280	2	1675
280	0	1911
1911	7	2466
283	3	1983
283	0	1911
1983	5	2465
1911	7	2465
279	2	1538
279	3	1989
279	0	1911
1538	6	1989
1989	5	2467
1911	7	2467
221	3	1988
221	0	1911
1988	5	2466
1911	7	2466
491	2	1653
491	0	1911
1911	7	2465
511	3	2354
511	0	1911
2354	5	2466
1911	7	2466
543	2	1546
543	3	2145
543	0	1911
1546	6	2145
2145	5	2466
1911	7	2466
546	2	1754
546	0	1911
1911	7	2466
630	2	1759
630	3	2134
630	0	1911
1759	6	2134
2134	5	2464
1911	7	2464
631	2	1676
631	0	1911
1911	7	2467
680	2	1839
680	3	2302
680	0	1911
1839	6	2302
2302	5	2465
1911	7	2465
681	3	2302
681	0	1911
2302	5	2464
1911	7	2464
710	2	1805
710	0	1911
1911	7	2466
744	2	1646
744	3	2095
744	0	1911
1646	6	2095
2095	5	2467
1911	7	2467
834	2	1709
834	3	2303
834	0	1911
1709	6	2303
2303	5	2464
1911	7	2464
859	2	1591
859	3	2256
859	0	1911
1591	6	2256
2256	5	2466
1911	7	2466
860	2	1724
860	3	2114
860	0	1911
1724	6	2114
2114	5	2466
1911	7	2466
863	2	1742
863	3	2141
863	0	1911
1742	6	2141
2141	5	2466
1911	7	2466
867	2	1807
867	3	2131
867	0	1911
1807	6	2131
2131	5	2466
1911	7	2466
878	2	1673
878	3	2045
878	0	1911
1673	6	2045
2045	5	2466
1911	7	2466
879	3	2047
879	0	1911
2047	5	2468
1911	7	2468
883	2	1573
883	3	2146
883	0	1911
1573	6	2146
2146	5	2466
1911	7	2466
893	2	1794
893	3	2043
893	0	1911
1794	6	2043
2043	5	2468
1911	7	2468
912	2	1576
912	3	2040
912	0	1911
1576	6	2040
2040	5	2466
1911	7	2466
915	2	1576
915	3	2141
915	0	1911
1576	6	2141
2141	5	2466
1911	7	2466
917	2	1673
917	3	2013
917	0	1911
1673	6	2013
2013	5	2466
1911	7	2466
926	2	1607
926	0	1911
1911	7	2465
935	2	1836
935	3	2033
935	0	1911
1836	6	2033
2033	5	2465
1911	7	2465
936	2	1668
936	3	2303
936	0	1911
1668	6	2303
2303	5	2466
1911	7	2466
940	2	1528
940	3	2114
940	0	1911
1528	6	2114
2114	5	2466
1911	7	2466
956	3	1939
956	0	1911
1939	5	2466
1911	7	2466
957	2	1739
957	3	2023
957	0	1911
1739	6	2023
2023	5	2466
1911	7	2466
1041	2	1585
1041	3	1954
1041	0	1911
1585	6	1954
1954	5	2466
1911	7	2466
1042	2	1530
1042	3	2223
1042	0	1911
1530	6	2223
2223	5	2466
1911	7	2466
1043	2	1627
1043	3	2141
1043	0	1911
1627	6	2141
2141	5	2466
1911	7	2466
1047	2	1576
1047	0	1911
1911	7	2468
1057	2	1576
1057	3	2242
1057	0	1911
1576	6	2242
2242	5	2466
1911	7	2466
1060	2	1730
1060	3	2109
1060	0	1911
1730	6	2109
2109	5	2468
1911	7	2468
1062	2	1576
1062	3	2045
1062	0	1911
1576	6	2045
2045	5	2465
1911	7	2465
1068	2	1518
1068	3	2333
1068	0	1911
1518	6	2333
2333	5	2466
1911	7	2466
1071	2	1518
1071	3	2337
1071	0	1911
1518	6	2337
2337	5	2466
1911	7	2466
1092	2	1880
1092	3	2316
1092	0	1911
1880	6	2316
2316	5	2465
1911	7	2465
1096	2	1576
1096	3	2141
1096	0	1911
1576	6	2141
2141	5	2466
1911	7	2466
1099	2	1766
1099	3	2141
1099	0	1911
1766	6	2141
2141	5	2466
1911	7	2466
1105	2	1576
1105	3	2210
1105	0	1911
1576	6	2210
2210	5	2466
1911	7	2466
1106	2	1576
1106	3	2141
1106	0	1911
1576	6	2141
2141	5	2466
1911	7	2466
1108	2	1730
1108	3	2109
1108	0	1911
1730	6	2109
2109	5	2468
1911	7	2468
1113	3	2192
1113	0	1911
2192	5	2466
1911	7	2466
1123	2	1599
1123	0	1911
1911	7	2464
1126	2	1615
1126	3	2238
1126	0	1911
1615	6	2238
2238	5	2466
1911	7	2466
1130	2	1576
1130	3	2255
1130	0	1911
1576	6	2255
2255	5	2466
1911	7	2466
1131	3	2362
1131	0	1911
2362	5	2466
1911	7	2466
2466	5	2442
1132	2	1847
1132	3	2022
1132	0	1911
1847	6	2022
2022	5	2466
1911	7	2466
1133	2	1760
1133	3	2213
1133	0	1911
1760	6	2213
2213	5	2464
1911	7	2464
1135	2	1629
1135	0	1911
1911	7	2466
1136	2	1505
1136	3	1944
1136	0	1911
1505	6	1944
1944	5	2464
1911	7	2464
1137	2	1576
1137	3	2141
1137	0	1911
1576	6	2141
2141	5	2466
1911	7	2466
1139	2	1789
1139	3	2141
1139	0	1911
1789	6	2141
2141	5	2466
1911	7	2466
1140	2	1782
1140	3	2114
1140	0	1911
1782	6	2114
2114	5	2466
1911	7	2466
1141	3	2208
1141	0	1911
2208	5	2466
1911	7	2466
1143	2	1734
1143	3	2346
1143	0	1911
1734	6	2346
2346	5	2466
1911	7	2466
2466	5	2432
1144	2	1751
1144	0	1911
1911	7	2466
1147	2	1662
1147	0	1911
1911	7	2466
1150	2	1725
1150	3	2033
1150	0	1911
1725	6	2033
2033	5	2465
1911	7	2465
1153	2	1695
1153	3	2196
1153	0	1911
1695	6	2196
2196	5	2466
1911	7	2466
1154	2	1569
1154	3	2196
1154	0	1911
1569	6	2196
2196	5	2465
1911	7	2465
1156	2	1724
1156	3	1917
1156	0	1911
1724	6	1917
1917	5	2466
1911	7	2466
1157	2	1571
1157	0	1911
1911	7	2466
2466	5	2441
1158	2	1691
1158	3	1964
1158	0	1911
1691	6	1964
1964	5	2466
1911	7	2466
1159	2	1627
1159	3	2141
1159	0	1911
1627	6	2141
2141	5	2466
1911	7	2466
1160	2	1751
1160	3	2141
1160	0	1911
1751	6	2141
2141	5	2466
1911	7	2466
1161	2	1789
1161	3	2141
1161	0	1911
1789	6	2141
2141	5	2466
1911	7	2466
2466	5	2383
1162	2	1648
1162	3	2333
1162	0	1911
1648	6	2333
2333	5	2467
1911	7	2467
1163	2	1622
1163	3	2090
1163	0	1911
1622	6	2090
2090	5	2466
1911	7	2466
1164	2	1498
1164	3	2265
1164	0	1911
1498	6	2265
2265	5	2466
1911	7	2466
2466	5	2442
1165	2	1558
1165	3	2109
1165	0	1911
1558	6	2109
2109	5	2466
1911	7	2466
1168	2	1720
1168	0	1911
1911	7	2468
2468	5	2408
1170	2	1720
1170	0	1911
1911	7	2468
2468	5	2383
1175	2	1534
1175	3	2054
1175	0	1911
1534	6	2054
2054	5	2465
1911	7	2465
1177	2	1638
1177	3	2343
1177	0	1911
1638	6	2343
2343	5	2466
1911	7	2466
1179	2	1782
1179	3	2024
1179	0	1911
1782	6	2024
2024	5	2466
1911	7	2466
1189	2	1807
1189	3	2150
1189	0	1911
1807	6	2150
2150	5	2466
1911	7	2466
1195	2	1683
1195	0	1911
1911	7	2465
1196	2	1638
1196	3	2333
1196	0	1911
1638	6	2333
2333	5	2467
1911	7	2467
2467	5	2439
1198	3	2013
1198	0	1911
2013	5	2465
1911	7	2465
2465	5	2439
1199	2	1851
1199	3	1921
1199	0	1911
1851	6	1921
1921	5	2466
1911	7	2466
2466	5	2383
1200	2	1505
1200	3	1925
1200	0	1911
1505	6	1925
1925	5	2464
1911	7	2464
1201	2	1608
1201	3	2220
1201	0	1911
1608	6	2220
2220	5	2466
1911	7	2466
1203	3	2281
1203	0	1911
2281	5	2468
1911	7	2468
1204	2	1825
1204	3	2258
1204	0	1911
1825	6	2258
2258	5	2466
1911	7	2466
1205	2	1643
1205	3	2109
1205	0	1911
1643	6	2109
2109	5	2466
1911	7	2466
1207	2	1593
1207	0	1911
1911	7	2466
2466	5	2441
1210	3	1952
1210	0	1911
1952	5	2465
1911	7	2465
1215	2	1825
1215	3	2258
1215	0	1911
1825	6	2258
2258	5	2466
1911	7	2466
1217	2	1630
1217	3	2109
1217	0	1911
1630	6	2109
2109	5	2466
1911	7	2466
2466	5	2441
1222	3	2003
1222	0	1911
2003	5	2468
1911	7	2468
2468	5	2383
1234	2	1825
1234	3	2314
1234	0	1911
1825	6	2314
2314	5	2466
1911	7	2466
1235	2	1587
1235	3	2109
1235	0	1911
1587	6	2109
2109	5	2466
1911	7	2466
1236	2	1837
1236	3	1962
1236	0	1911
1837	6	1962
1962	5	2464
1911	7	2464
1237	2	1615
1237	3	1982
1237	0	1911
1615	6	1982
1982	5	2466
1911	7	2466
2466	5	2439
1238	2	1827
1238	3	2189
1238	0	1911
1827	6	2189
2189	5	2466
1911	7	2466
2466	5	2408
1239	2	1742
1239	3	2060
1239	0	1911
1742	6	2060
2060	5	2466
1911	7	2466
1242	2	1845
1242	3	2320
1242	0	1911
1845	6	2320
2320	5	2466
1911	7	2466
1243	2	1600
1243	3	2364
1243	0	1911
1600	6	2364
2364	5	2466
1911	7	2466
1245	2	1752
1245	3	2188
1245	0	1911
1752	6	2188
2188	5	2466
1911	7	2466
1246	2	1864
1246	3	2276
1246	0	1911
1864	6	2276
2276	5	2466
1911	7	2466
1247	3	2045
1247	0	1911
2045	5	2466
1911	7	2466
2466	5	2383
1249	2	1742
1249	3	2141
1249	0	1911
1742	6	2141
2141	5	2466
1911	7	2466
1251	2	1651
1251	3	2196
1251	0	1911
1651	6	2196
2196	5	2466
1911	7	2466
1252	2	1864
1252	3	1991
1252	0	1911
1864	6	1991
1991	5	2466
1911	7	2466
1255	2	1864
1255	3	2114
1255	0	1911
1864	6	2114
2114	5	2466
1911	7	2466
1263	2	1595
1263	3	2310
1263	0	1911
1595	6	2310
2310	5	2466
1911	7	2466
2466	5	2383
1264	2	1673
1264	3	2045
1264	0	1911
1673	6	2045
2045	5	2466
1911	7	2466
1265	2	1576
1265	3	2141
1265	0	1911
1576	6	2141
2141	5	2466
1911	7	2466
1266	2	1576
1266	3	2141
1266	0	1911
1576	6	2141
2141	5	2466
1911	7	2466
1267	2	1548
1267	3	2255
1267	0	1911
1548	6	2255
2255	5	2466
1911	7	2466
1268	2	1576
1268	3	2141
1268	0	1911
1576	6	2141
2141	5	2468
1911	7	2468
1269	2	1576
1269	0	1911
1911	7	2466
2466	5	2383
1270	2	1636
1270	3	2309
1270	0	1911
1636	6	2309
2309	5	2466
1911	7	2466
1271	2	1576
1271	3	2141
1271	0	1911
1576	6	2141
2141	5	2466
1911	7	2466
1273	2	1585
1273	0	1911
1911	7	2466
1276	2	1576
1276	3	2141
1276	0	1911
1576	6	2141
2141	5	2466
1911	7	2466
2466	5	2386
1278	2	1576
1278	3	2141
1278	0	1911
1576	6	2141
2141	5	2466
1911	7	2466
1280	2	1639
1280	3	2047
1280	0	1911
1639	6	2047
2047	5	2466
1911	7	2466
1281	2	1576
1281	3	2141
1281	0	1911
1576	6	2141
2141	5	2466
1911	7	2466
1282	2	1550
1282	3	2136
1282	0	1911
1550	6	2136
2136	5	2466
1911	7	2466
1283	2	1576
1283	3	2133
1283	0	1911
1576	6	2133
2133	5	2466
1911	7	2466
479	2	1580
479	0	1911
1911	7	2466
2466	5	2411
612	2	1705
612	3	2273
612	0	1911
1705	6	2273
2273	5	2466
1911	7	2466
2466	5	2431
485	2	1615
485	3	2297
485	0	1911
1615	6	2297
2297	5	2464
1911	7	2464
2464	5	2451
484	2	1697
484	3	2141
484	0	1911
1697	6	2141
2141	5	2466
1911	7	2466
2466	5	2393
507	2	1585
507	3	2188
507	0	1911
1585	6	2188
2188	5	2466
1911	7	2466
2466	5	2442
527	2	1845
527	3	2045
527	0	1911
1845	6	2045
2045	5	2466
1911	7	2466
2466	5	2411
506	2	1576
506	3	2141
506	0	1911
1576	6	2141
2141	5	2466
1911	7	2466
2466	5	2385
847	2	1598
847	3	2025
847	0	1911
1598	6	2025
2025	5	2466
1911	7	2466
846	2	1576
846	3	2141
846	0	1911
1576	6	2141
2141	5	2466
1911	7	2466
708	2	1846
708	3	1951
708	0	1911
1846	6	1951
1951	5	2465
1911	7	2465
2465	5	2393
662	2	1670
662	3	1996
662	0	1911
1670	6	1996
1996	5	2465
1911	7	2465
733	2	1641
733	3	2333
733	0	1911
1641	6	2333
2333	5	2466
1911	7	2466
592	2	1638
592	3	2343
592	0	1911
1638	6	2343
2343	5	2467
1911	7	2467
2467	5	2385
666	2	1888
666	3	2334
666	0	1911
1888	6	2334
2334	5	2466
1911	7	2466
2466	5	2439
653	2	1673
653	3	2220
653	0	1911
1673	6	2220
2220	5	2466
1911	7	2466
2466	5	2428
594	2	1631
594	3	2157
594	0	1911
1631	6	2157
2157	5	2466
1911	7	2466
2466	5	2394
570	2	1620
570	3	2333
570	0	1911
1620	6	2333
2333	5	2466
1911	7	2466
2466	5	2444
603	2	1673
603	3	2045
603	0	1911
1673	6	2045
2045	5	2466
1911	7	2466
2466	5	2446
1492	2	1673
1492	0	1911
1911	7	2468
1418	2	1631
1418	3	1945
1418	0	1911
1631	6	1945
1945	5	2466
1911	7	2466
2466	5	2441
494	2	1707
494	0	1911
1911	7	2466
628	2	1694
628	0	1911
1911	7	2466
758	2	1759
758	3	2228
758	0	1911
1759	6	2228
2228	5	2464
1911	7	2464
899	2	1806
899	3	2300
899	0	1911
1806	6	2300
2300	5	2466
1911	7	2466
2466	5	2413
615	2	1789
615	3	2141
615	0	1911
1789	6	2141
2141	5	2466
1911	7	2466
642	2	1886
642	0	1911
1911	7	2468
2468	5	2432
490	2	1573
490	0	1911
1911	7	2466
711	2	1844
711	0	1911
1911	7	2466
2466	5	2417
682	2	1807
682	3	2290
682	0	1911
1807	6	2290
2290	5	2466
1911	7	2466
2466	5	2437
720	2	1704
720	3	2027
720	0	1911
1704	6	2027
2027	5	2466
1911	7	2466
764	2	1664
764	3	2141
764	0	1911
1664	6	2141
2141	5	2468
1911	7	2468
2468	5	2383
768	2	1676
768	0	1911
1911	7	2467
943	0	1911
1911	7	2466
975	2	1606
975	3	2232
975	0	1911
1606	6	2232
2232	5	2467
1911	7	2467
1288	2	1842
1288	3	2030
1288	0	1911
1842	6	2030
2030	5	2465
1911	7	2465
1293	2	1874
1293	3	2073
1293	0	1911
1874	6	2073
2073	5	2468
1911	7	2468
1317	2	1576
1317	3	2365
1317	0	1911
1576	6	2365
2365	5	2466
1911	7	2466
208	3	2045
208	0	1911
2045	5	2466
1911	7	2466
282	2	1890
282	3	2117
282	0	1911
1890	6	2117
2117	5	2466
1911	7	2466
2466	5	2442
291	2	1610
291	0	1911
1911	7	2466
192	2	1576
192	3	2143
192	0	1911
1576	6	2143
2143	5	2466
1911	7	2466
182	2	1697
182	0	1911
1911	7	2466
371	2	1576
371	3	2141
371	0	1911
1576	6	2141
2141	5	2466
1911	7	2466
65	2	1732
65	3	2269
65	0	1912
1732	6	2269
2269	5	2468
1912	7	2468
2468	5	2405
129	2	1842
129	3	2307
129	0	1911
1842	6	2307
2307	5	2465
1911	7	2465
82	2	1559
82	0	1911
1911	7	2466
2466	5	2388
158	2	1559
158	3	2353
158	0	1911
1559	6	2353
2353	5	2466
1911	7	2466
2466	5	2383
29	2	1720
29	0	1911
1911	7	2468
2468	5	2411
44	2	1799
44	3	2176
44	0	1911
1799	6	2176
2176	5	2466
1911	7	2466
2466	5	2397
3	2	1576
3	3	2141
3	0	1911
1576	6	2141
2141	5	2466
1911	7	2466
2466	5	2397
20	2	1576
20	3	2141
20	0	1911
1576	6	2141
2141	5	2466
1911	7	2466
2466	5	2409
90	2	1576
90	3	2141
90	0	1911
1576	6	2141
2141	5	2466
1911	7	2466
2466	5	2397
1325	2	1576
1325	3	2141
1325	0	1911
1576	6	2141
2141	5	2468
1911	7	2468
2468	5	2432
1343	2	1673
1343	3	2045
1343	0	1911
1673	6	2045
2045	5	2465
1911	7	2465
2465	5	2432
430	2	1888
430	0	1911
1911	7	2466
644	2	1531
644	0	1911
1911	7	2466
638	2	1826
638	3	2096
638	0	1911
1826	6	2096
2096	5	2465
1911	7	2465
211	2	1576
211	3	2210
211	0	1911
1576	6	2210
2210	5	2466
1911	7	2466
212	2	1580
212	3	2141
212	0	1911
1580	6	2141
2141	5	2466
1911	7	2466
331	2	1580
331	3	2304
331	0	1911
1580	6	2304
2304	5	2464
1911	7	2464
222	2	1727
222	3	2255
222	0	1911
1727	6	2255
2255	5	2466
1911	7	2466
156	2	1576
156	3	2255
156	0	1911
1576	6	2255
2255	5	2468
1911	7	2468
271	3	2067
271	0	1911
2067	5	2466
1911	7	2466
364	2	1673
364	0	1911
1911	7	2466
224	2	1576
224	3	2045
224	0	1911
1576	6	2045
2045	5	2466
1911	7	2466
330	2	1576
330	3	2352
330	0	1911
1576	6	2352
2352	5	2466
1911	7	2466
2466	5	2438
245	2	1856
245	3	2333
245	0	1911
1856	6	2333
2333	5	2467
1911	7	2467
237	3	2093
237	0	1911
2093	5	2467
1911	7	2467
355	2	1723
355	3	2065
355	0	1911
1723	6	2065
2065	5	2468
1911	7	2468
357	2	1764
357	3	2211
357	0	1911
1764	6	2211
2211	5	2466
1911	7	2466
359	2	1764
359	3	2211
359	0	1911
1764	6	2211
2211	5	2466
1911	7	2466
312	2	1786
312	0	1911
1911	7	2466
305	0	1911
1911	7	2468
349	2	1786
349	0	1911
1911	7	2466
324	2	1673
324	0	1911
1911	7	2468
6	3	2202
6	0	1911
2202	5	2466
1911	7	2466
329	3	2202
329	0	1911
2202	5	2466
1911	7	2466
1389	2	1627
1389	3	2135
1389	0	1911
1627	6	2135
2135	5	2466
1911	7	2466
2466	5	2459
1370	2	1786
1370	3	2202
1370	0	1911
1786	6	2202
2202	5	2466
1911	7	2466
725	2	1864
725	3	2033
725	0	1911
1864	6	2033
2033	5	2466
1911	7	2466
262	2	1786
262	0	1911
1911	7	2466
1166	2	1627
1166	0	1911
1911	7	2466
1220	0	1911
1911	7	2468
868	3	2189
868	0	1911
2189	5	2466
1911	7	2466
336	2	1705
336	0	1911
1911	7	2466
807	2	1786
807	0	1911
1911	7	2466
938	3	2202
938	0	1911
2202	5	2466
1911	7	2466
588	2	1523
588	3	2075
588	0	1911
1523	6	2075
2075	5	2464
1911	7	2464
590	2	1558
590	3	2109
590	0	1911
1558	6	2109
2109	5	2466
1911	7	2466
595	2	1543
595	3	1930
595	0	1911
1543	6	1930
1930	5	2466
1911	7	2466
605	2	1706
605	3	2333
605	0	1911
1706	6	2333
2333	5	2466
1911	7	2466
1482	2	1836
1482	3	1917
1482	0	1911
1836	6	1917
1917	5	2465
1911	7	2465
1368	2	1793
1368	0	1911
1911	7	2464
1369	2	1751
1369	3	2122
1369	0	1911
1751	6	2122
2122	5	2464
1911	7	2464
633	2	1786
633	3	2202
633	0	1911
1786	6	2202
2202	5	2466
1911	7	2466
2466	5	2411
553	2	1580
553	3	2041
553	0	1911
1580	6	2041
2041	5	2466
1911	7	2466
565	2	1580
565	3	2307
565	0	1911
1580	6	2307
2307	5	2466
1911	7	2466
2466	5	2411
509	2	1669
509	3	2355
509	0	1911
1669	6	2355
2355	5	2466
1911	7	2466
575	2	1785
575	3	2105
575	0	1911
1785	6	2105
2105	5	2466
1911	7	2466
740	2	1823
740	3	2072
740	0	1911
1823	6	2072
2072	5	2465
1911	7	2465
632	2	1795
632	3	2141
632	0	1911
1795	6	2141
2141	5	2466
1911	7	2466
1407	2	1657
1407	3	2299
1407	0	1911
1657	6	2299
2299	5	2465
1911	7	2465
1408	2	1576
1408	3	2141
1408	0	1911
1576	6	2141
2141	5	2466
1911	7	2466
190	2	1852
190	3	2163
190	0	1911
1852	6	2163
2163	5	2466
1911	7	2466
337	2	1683
337	0	1911
1911	7	2466
274	2	1789
274	3	2141
274	0	1911
1789	6	2141
2141	5	2466
1911	7	2466
1463	2	1576
1463	3	2141
1463	0	1911
1576	6	2141
2141	5	2466
1911	7	2466
203	3	2202
203	0	1911
2202	5	2466
1911	7	2466
481	2	1627
481	3	2237
481	0	1911
1627	6	2237
2237	5	2466
1911	7	2466
482	2	1576
482	3	2255
482	0	1911
1576	6	2255
2255	5	2466
1911	7	2466
483	3	2090
483	0	1911
2090	5	2466
1911	7	2466
496	2	1739
496	3	2202
496	0	1911
1739	6	2202
2202	5	2466
1911	7	2466
497	2	1742
497	3	2141
497	0	1911
1742	6	2141
2141	5	2466
1911	7	2466
498	2	1846
498	3	2008
498	0	1911
1846	6	2008
2008	5	2466
1911	7	2466
555	2	1534
555	3	1950
555	0	1911
1534	6	1950
1950	5	2465
1911	7	2465
692	2	1786
692	3	2202
692	0	1911
1786	6	2202
2202	5	2466
1911	7	2466
694	2	1534
694	3	1982
694	0	1911
1534	6	1982
1982	5	2465
1911	7	2465
696	2	1576
696	3	2141
696	0	1911
1576	6	2141
2141	5	2466
1911	7	2466
697	2	1508
697	0	1911
1911	7	2465
705	3	2333
705	0	1911
2333	5	2467
1911	7	2467
824	2	1615
824	3	2343
824	0	1911
1615	6	2343
2343	5	2467
1911	7	2467
869	2	1580
869	0	1911
1911	7	2466
890	2	1661
890	0	1911
1911	7	2466
919	3	2202
919	0	1911
2202	5	2466
1911	7	2466
922	2	1615
922	3	2202
922	0	1911
1615	6	2202
2202	5	2466
1911	7	2466
997	2	1673
997	3	2135
997	0	1911
1673	6	2135
2135	5	2466
1911	7	2466
1006	2	1580
1006	0	1911
1911	7	2467
1048	3	2025
1048	0	1911
2025	5	2466
1911	7	2466
1065	2	1576
1065	3	2141
1065	0	1911
1576	6	2141
2141	5	2466
1911	7	2466
1070	2	1576
1070	3	2141
1070	0	1911
1576	6	2141
2141	5	2466
1911	7	2466
1075	2	1803
1075	0	1911
1911	7	2466
1103	2	1529
1103	3	2111
1103	0	1911
1529	6	2111
2111	5	2466
1911	7	2466
1115	2	1576
1115	3	2243
1115	0	1911
1576	6	2243
2243	5	2466
1911	7	2466
1138	2	1673
1138	3	2047
1138	0	1911
1673	6	2047
2047	5	2466
1911	7	2466
1167	2	1576
1167	3	2141
1167	0	1911
1576	6	2141
2141	5	2466
1911	7	2466
1169	2	1500
1169	3	2049
1169	0	1911
1500	6	2049
2049	5	2466
1911	7	2466
1182	3	1994
1182	0	1911
1994	5	2466
1911	7	2466
2466	5	2441
1197	2	1781
1197	3	2266
1197	0	1911
1781	6	2266
2266	5	2466
1911	7	2466
2466	5	2383
1213	3	2203
1213	0	1911
2203	5	2466
1911	7	2466
1233	2	1671
1233	3	2077
1233	0	1911
1671	6	2077
2077	5	2468
1911	7	2468
1240	2	1798
1240	0	1911
1911	7	2466
1241	2	1803
1241	0	1911
1911	7	2466
1244	2	1803
1244	3	2174
1244	0	1911
1803	6	2174
2174	5	2466
1911	7	2466
2466	5	2431
1248	2	1534
1248	0	1911
1911	7	2465
1250	2	1808
1250	3	1951
1250	0	1911
1808	6	1951
1951	5	2465
1911	7	2465
2465	5	2432
1253	2	1774
1253	0	1911
1911	7	2466
2466	5	2432
1256	2	1774
1256	3	2372
1256	0	1911
1774	6	2372
2372	5	2466
1911	7	2466
2466	5	2431
1257	2	1719
1257	3	2141
1257	0	1911
1719	6	2141
2141	5	2466
1911	7	2466
1258	0	1911
1911	7	2466
1259	2	1774
1259	3	2372
1259	0	1911
1774	6	2372
2372	5	2466
1911	7	2466
1260	2	1576
1260	3	2260
1260	0	1911
1576	6	2260
2260	5	2466
1911	7	2466
1262	2	1692
1262	3	2195
1262	0	1911
1692	6	2195
2195	5	2466
1911	7	2466
1275	2	1517
1275	3	2283
1275	0	1911
1517	6	2283
2283	5	2466
1911	7	2466
1284	2	1831
1284	0	1911
1911	7	2466
2466	5	2404
1397	2	1698
1397	3	1917
1397	0	1911
1698	6	1917
1917	5	2466
1911	7	2466
2466	5	2425
843	2	1805
843	0	1911
1911	7	2466
2466	5	2460
770	3	2224
770	0	1911
2224	5	2465
1911	7	2465
657	2	1848
657	3	2210
657	0	1911
1848	6	2210
2210	5	2466
1911	7	2466
547	0	1911
1911	7	2466
667	2	1866
667	0	1911
1911	7	2466
1414	2	1505
1414	3	2277
1414	0	1911
1505	6	2277
2277	5	2464
1911	7	2464
658	2	1745
658	3	2222
658	0	1911
1745	6	2222
2222	5	2466
1911	7	2466
2466	5	2442
1490	2	1545
1490	3	2149
1490	0	1911
1545	6	2149
2149	5	2466
1911	7	2466
2466	5	2426
1413	3	2328
1413	0	1911
2328	5	2466
1911	7	2466
2466	5	2417
676	2	1566
676	3	2266
676	0	1911
1566	6	2266
2266	5	2466
1911	7	2466
875	2	1627
875	3	2220
875	0	1911
1627	6	2220
2220	5	2466
1911	7	2466
2466	5	2385
880	2	1517
880	3	2278
880	0	1911
1517	6	2278
2278	5	2466
1911	7	2466
2466	5	2395
1152	2	1615
1152	3	2239
1152	0	1911
1615	6	2239
2239	5	2466
1911	7	2466
2466	5	2440
1211	3	2196
1211	0	1911
2196	5	2466
1911	7	2466
2466	5	2439
1277	2	1534
1277	3	1967
1277	0	1911
1534	6	1967
1967	5	2465
1911	7	2465
1312	2	1553
1312	0	1911
1911	7	2465
216	2	1576
216	3	2141
216	0	1911
1576	6	2141
2141	5	2466
1911	7	2466
214	2	1842
214	3	2299
214	0	1911
1842	6	2299
2299	5	2465
1911	7	2465
202	2	1842
202	3	1925
202	0	1906
1842	6	1925
1925	5	2465
1906	7	2465
2465	5	2418
83	2	1836
83	3	1927
83	0	1911
1836	6	1927
1927	5	2465
1911	7	2465
206	2	1818
206	3	2233
206	0	1911
1818	6	2233
2233	5	2466
1911	7	2466
138	2	1673
138	3	2045
138	0	1911
1673	6	2045
2045	5	2468
1911	7	2468
110	2	1700
110	3	2336
110	0	1911
1700	6	2336
2336	5	2467
1911	7	2467
96	3	1983
96	0	1905
1983	5	2466
1905	7	2466
2466	5	2432
378	2	1576
378	3	2166
378	0	1911
1576	6	2166
2166	5	2466
1911	7	2466
2466	5	2405
406	2	1576
406	3	2141
406	0	1911
1576	6	2141
2141	5	2466
1911	7	2466
429	2	1726
429	3	1917
429	0	1911
1726	6	1917
1917	5	2465
1911	7	2465
251	2	1755
251	0	1911
1911	7	2464
352	2	1696
352	3	2135
352	0	1911
1696	6	2135
2135	5	2466
1911	7	2466
174	2	1615
174	3	2137
174	0	1911
1615	6	2137
2137	5	2466
1911	7	2466
2466	5	2442
263	2	1751
263	3	2312
263	0	1911
1751	6	2312
2312	5	2466
1911	7	2466
285	2	1576
285	3	2139
285	0	1911
1576	6	2139
2139	5	2466
1911	7	2466
234	2	1576
234	3	2141
234	0	1911
1576	6	2141
2141	5	2466
1911	7	2466
67	2	1576
67	3	2255
67	0	1911
1576	6	2255
2255	5	2466
1911	7	2466
2466	5	2393
297	2	1687
297	3	2141
297	0	1911
1687	6	2141
2141	5	2466
1911	7	2466
246	2	1697
246	3	2253
246	0	1911
1697	6	2253
2253	5	2466
1911	7	2466
1367	2	1778
1367	3	2293
1367	0	1911
1778	6	2293
2293	5	2466
1911	7	2466
808	2	1504
808	3	2329
808	0	1911
1504	6	2329
2329	5	2466
1911	7	2466
920	2	1673
920	3	2141
920	0	1911
1673	6	2141
2141	5	2466
1911	7	2466
952	2	1576
952	3	2210
952	0	1911
1576	6	2210
2210	5	2466
1911	7	2466
332	2	1615
332	3	1975
332	0	1911
1615	6	1975
1975	5	2466
1911	7	2466
258	2	1522
258	3	2013
258	0	1911
1522	6	2013
2013	5	2466
1911	7	2466
2466	5	2431
392	2	1576
392	3	2255
392	0	1911
1576	6	2255
2255	5	2466
1911	7	2466
2466	5	2436
384	2	1842
384	3	2198
384	0	1911
1842	6	2198
2198	5	2465
1911	7	2465
501	2	1743
501	3	2220
501	0	1911
1743	6	2220
2220	5	2465
1911	7	2465
502	2	1576
502	3	2141
502	0	1911
1576	6	2141
2141	5	2466
1911	7	2466
504	2	1576
504	3	2141
504	0	1911
1576	6	2141
2141	5	2466
1911	7	2466
510	2	1527
510	3	2143
510	0	1911
1527	6	2143
2143	5	2466
1911	7	2466
281	2	1805
281	3	1968
281	0	1911
1805	6	1968
1968	5	2466
1911	7	2466
1464	2	1718
1464	0	1911
1911	7	2466
404	2	1638
404	3	2333
404	0	1911
1638	6	2333
2333	5	2466
1911	7	2466
2466	5	2411
401	2	1637
401	3	2210
401	0	1911
1637	6	2210
2210	5	2466
1911	7	2466
2466	5	2411
389	2	1724
389	3	1917
389	0	1911
1724	6	1917
1917	5	2466
1911	7	2466
469	2	1897
469	3	2013
469	0	1911
1897	6	2013
2013	5	2465
1911	7	2465
1384	2	1584
1384	3	2206
1384	0	1911
1584	6	2206
2206	5	2466
1911	7	2466
1333	2	1584
1333	3	2083
1333	0	1911
1584	6	2083
2083	5	2466
1911	7	2466
95	2	1576
95	3	2271
95	0	1911
1576	6	2271
2271	5	2466
1911	7	2466
19	2	1828
19	0	1911
1911	7	2466
2466	5	2411
472	3	2033
472	0	1911
2033	5	2466
1911	7	2466
486	2	1576
486	3	2272
486	0	1911
1576	6	2272
2272	5	2466
1911	7	2466
487	2	1647
487	3	2343
487	0	1911
1647	6	2343
2343	5	2467
1911	7	2467
488	2	1554
488	3	2343
488	0	1911
1554	6	2343
2343	5	2467
1911	7	2467
489	2	1517
489	3	1998
489	0	1911
1517	6	1998
1998	5	2466
1911	7	2466
673	2	1505
673	3	2196
673	0	1911
1505	6	2196
2196	5	2464
1911	7	2464
686	2	1738
686	3	1973
686	0	1911
1738	6	1973
1973	5	2466
1911	7	2466
707	2	1805
707	3	2212
707	0	1911
1805	6	2212
2212	5	2466
1911	7	2466
743	2	1852
743	3	1982
743	0	1911
1852	6	1982
1982	5	2465
1911	7	2465
803	2	1852
803	3	2342
803	0	1911
1852	6	2342
2342	5	2466
1911	7	2466
844	0	1911
1911	7	2466
889	2	1702
889	3	2141
889	0	1911
1702	6	2141
2141	5	2466
1911	7	2466
923	2	1759
923	3	2187
923	0	1911
1759	6	2187
2187	5	2464
1911	7	2464
948	2	1576
948	3	2141
948	0	1911
1576	6	2141
2141	5	2466
1911	7	2466
979	2	1580
979	3	2114
979	0	1911
1580	6	2114
2114	5	2466
1911	7	2466
980	2	1863
980	3	2255
980	0	1911
1863	6	2255
2255	5	2466
1911	7	2466
988	2	1505
988	3	2247
988	0	1911
1505	6	2247
2247	5	2464
1911	7	2464
989	2	1580
989	3	2141
989	0	1911
1580	6	2141
2141	5	2466
1911	7	2466
999	2	1576
999	3	2141
999	0	1911
1576	6	2141
2141	5	2466
1911	7	2466
1046	2	1505
1046	3	2114
1046	0	1911
1505	6	2114
2114	5	2464
1911	7	2464
1063	2	1683
1063	3	2171
1063	0	1911
1683	6	2171
2171	5	2466
1911	7	2466
1087	2	1612
1087	3	2017
1087	0	1911
1612	6	2017
2017	5	2465
1911	7	2465
1089	2	1505
1089	3	1944
1089	0	1911
1505	6	1944
1944	5	2464
1911	7	2464
1102	2	1771
1102	3	2141
1102	0	1911
1771	6	2141
2141	5	2466
1911	7	2466
1118	2	1751
1118	3	2152
1118	0	1911
1751	6	2152
2152	5	2466
1911	7	2466
25	2	1890
25	3	2084
25	0	1911
1890	6	2084
2084	5	2466
1911	7	2466
2466	5	2383
1381	2	1534
1381	3	1948
1381	0	1911
1534	6	1948
1948	5	2465
1911	7	2465
1380	2	1517
1380	3	2225
1380	0	1911
1517	6	2225
2225	5	2466
1911	7	2466
104	2	1534
104	3	1950
104	0	1911
1534	6	1950
1950	5	2465
1911	7	2465
1348	2	1791
1348	3	2336
1348	0	1911
1791	6	2336
2336	5	2467
1911	7	2467
152	2	1798
152	3	2100
152	0	1911
1798	6	2100
2100	5	2466
1911	7	2466
238	2	1535
238	3	2189
238	0	1911
1535	6	2189
2189	5	2467
1911	7	2467
1364	2	1810
1364	3	2066
1364	0	1909
1810	6	2066
2066	5	2466
1909	7	2466
2466	5	2450
52	2	1576
52	3	2220
52	0	1911
1576	6	2220
2220	5	2466
1911	7	2466
2466	5	2411
1329	2	1627
1329	3	2135
1329	0	1911
1627	6	2135
2135	5	2466
1911	7	2466
2466	5	2431
457	2	1710
457	3	2010
457	0	1911
1710	6	2010
2010	5	2468
1911	7	2468
463	3	2196
463	0	1911
2196	5	2464
1911	7	2464
465	0	1911
1911	7	2466
171	2	1627
171	3	2127
171	0	1911
1627	6	2127
2127	5	2466
1911	7	2466
1386	2	1698
1386	3	2126
1386	0	1911
1698	6	2126
2126	5	2466
1911	7	2466
1471	2	1627
1471	3	2326
1471	0	1911
1627	6	2326
2326	5	2466
1911	7	2466
207	2	1721
207	3	2114
207	0	1911
1721	6	2114
2114	5	2468
1911	7	2468
17	2	1756
17	3	2039
17	0	1911
1756	6	2039
2039	5	2464
1911	7	2464
99	2	1539
99	3	2114
99	0	1911
1539	6	2114
2114	5	2465
1911	7	2465
100	2	1539
100	3	2114
100	0	1911
1539	6	2114
2114	5	2465
1911	7	2465
2465	5	2411
146	0	1911
1911	7	2464
176	3	2141
176	0	1911
2141	5	2466
1911	7	2466
2466	5	2383
18	2	1782
18	3	2114
18	0	1911
1782	6	2114
2114	5	2466
1911	7	2466
2466	5	2432
1342	3	2333
1342	0	1913
2333	5	2467
1913	7	2467
2467	5	2397
289	2	1786
289	3	2267
289	0	1911
1786	6	2267
2267	5	2466
1911	7	2466
372	2	1846
372	3	2010
372	0	1911
1846	6	2010
2010	5	2468
1911	7	2468
2468	5	2383
87	2	1534
87	3	2141
87	0	1911
1534	6	2141
2141	5	2465
1911	7	2465
1328	2	1648
1328	3	2230
1328	0	1911
1648	6	2230
2230	5	2467
1911	7	2467
2467	5	2431
276	2	1555
276	3	2358
276	0	1911
1555	6	2358
2358	5	2464
1911	7	2464
333	2	1761
333	0	1911
1911	7	2466
273	2	1651
273	3	2196
273	0	1911
1651	6	2196
2196	5	2464
1911	7	2464
114	2	1541
114	3	1927
114	0	1911
1541	6	1927
1927	5	2465
1911	7	2465
160	3	2025
160	0	1911
2025	5	2466
1911	7	2466
2466	5	2383
154	2	1539
154	3	2114
154	0	1911
1539	6	2114
2114	5	2465
1911	7	2465
2465	5	2421
1326	3	2141
1326	0	1911
2141	5	2466
1911	7	2466
2466	5	2411
408	2	1807
408	3	2220
408	0	1911
1807	6	2220
2220	5	2465
1911	7	2465
415	2	1763
415	3	2357
415	0	1911
1763	6	2357
2357	5	2464
1911	7	2464
2464	5	2424
410	2	1755
410	3	2280
410	0	1911
1755	6	2280
2280	5	2468
1911	7	2468
450	2	1569
450	3	2196
450	0	1911
1569	6	2196
2196	5	2466
1911	7	2466
516	2	1742
516	3	2141
516	0	1911
1742	6	2141
2141	5	2466
1911	7	2466
2466	5	2439
525	2	1741
525	3	1920
525	0	1911
1741	6	1920
1920	5	2466
1911	7	2466
499	2	1627
499	3	2127
499	0	1911
1627	6	2127
2127	5	2466
1911	7	2466
2466	5	2382
505	2	1539
505	3	2114
505	0	1911
1539	6	2114
2114	5	2465
1911	7	2465
2465	5	2451
532	2	1852
532	3	1925
532	0	1911
1852	6	1925
1925	5	2465
1911	7	2465
2465	5	2393
607	2	1782
607	3	2114
607	0	1911
1782	6	2114
2114	5	2466
1911	7	2466
2466	5	2436
471	2	1529
471	3	2025
471	0	1911
1529	6	2025
2025	5	2466
1911	7	2466
2466	5	2408
514	2	1627
514	3	2102
514	0	1911
1627	6	2102
2102	5	2466
1911	7	2466
2466	5	2380
578	2	1615
578	3	1933
578	0	1911
1615	6	1933
1933	5	2466
1911	7	2466
524	2	1544
524	3	1942
524	0	1911
1544	6	1942
1942	5	2466
1911	7	2466
2466	5	2421
519	2	1672
519	3	2183
519	0	1911
1672	6	2183
2183	5	2466
1911	7	2466
579	2	1534
579	3	2119
579	0	1911
1534	6	2119
2119	5	2465
1911	7	2465
2465	5	2421
606	2	1853
606	3	1933
606	0	1911
1853	6	1933
1933	5	2466
1911	7	2466
2466	5	2436
480	2	1763
480	0	1911
1911	7	2466
2466	5	2439
727	2	1891
727	3	2205
727	0	1911
1891	6	2205
2205	5	2466
1911	7	2466
2466	5	2442
726	2	1627
726	3	2141
726	0	1911
1627	6	2141
2141	5	2466
1911	7	2466
719	2	1782
719	3	2114
719	0	1911
1782	6	2114
2114	5	2466
1911	7	2466
2466	5	2436
842	2	1505
842	3	2196
842	0	1911
1505	6	2196
2196	5	2464
1911	7	2464
2464	5	2385
1486	2	1698
1486	3	1917
1486	0	1911
1698	6	1917
1917	5	2466
1911	7	2466
2466	5	2420
596	3	1932
596	0	1911
1932	5	2466
1911	7	2466
626	2	1852
626	3	2276
626	0	1911
1852	6	2276
2276	5	2465
1911	7	2465
608	2	1584
608	0	1911
1911	7	2466
2466	5	2421
738	2	1584
738	3	2325
738	0	1911
1584	6	2325
2325	5	2466
1911	7	2466
643	2	1576
643	3	2255
643	0	1911
1576	6	2255
2255	5	2466
1911	7	2466
535	2	1505
535	3	1944
535	0	1911
1505	6	1944
1944	5	2464
1911	7	2464
621	2	1842
621	3	2058
621	0	1911
1842	6	2058
2058	5	2464
1911	7	2464
622	2	1505
622	3	1993
622	0	1911
1505	6	1993
1993	5	2464
1911	7	2464
636	3	2270
636	0	1911
2270	5	2466
1911	7	2466
675	2	1576
675	3	2255
675	0	1911
1576	6	2255
2255	5	2466
1911	7	2466
751	2	1576
751	3	2141
751	0	1911
1576	6	2141
2141	5	2466
1911	7	2466
641	2	1788
641	3	1944
641	0	1911
1788	6	1944
1944	5	2466
1911	7	2466
127	2	1842
127	3	2180
127	0	1911
1842	6	2180
2180	5	2466
1911	7	2466
663	2	1681
663	0	1911
1911	7	2466
303	2	1742
303	3	2141
303	0	1911
1742	6	2141
2141	5	2466
1911	7	2466
1086	2	1576
1086	3	1990
1086	0	1911
1576	6	1990
1990	5	2466
1911	7	2466
1098	2	1585
1098	3	2248
1098	0	1911
1585	6	2248
2248	5	2466
1911	7	2466
240	2	1576
240	3	2141
240	0	1911
1576	6	2141
2141	5	2466
1911	7	2466
42	2	1683
42	3	2141
42	0	1911
1683	6	2141
2141	5	2465
1911	7	2465
2465	5	2431
370	2	1852
370	3	2140
370	0	1911
1852	6	2140
2140	5	2466
1911	7	2466
368	2	1576
368	3	2141
368	0	1911
1576	6	2141
2141	5	2466
1911	7	2466
338	2	1777
338	3	2108
338	0	1911
1777	6	2108
2108	5	2465
1911	7	2465
1385	2	1609
1385	3	2164
1385	0	1911
1609	6	2164
2164	5	2466
1911	7	2466
46	2	1789
46	3	2220
46	0	1911
1789	6	2220
2220	5	2466
1911	7	2466
35	0	1911
1911	7	2466
2466	5	2397
345	2	1499
345	3	2141
345	0	1911
1499	6	2141
2141	5	2466
1911	7	2466
308	2	1580
308	3	2141
308	0	1911
1580	6	2141
2141	5	2466
1911	7	2466
360	2	1576
360	3	2178
360	0	1911
1576	6	2178
2178	5	2466
1911	7	2466
2466	5	2393
1387	2	1697
1387	3	2255
1387	0	1911
1697	6	2255
2255	5	2466
1911	7	2466
313	2	1576
313	3	2220
313	0	1911
1576	6	2220
2220	5	2466
1911	7	2466
343	2	1576
343	0	1911
1911	7	2466
16	2	1576
16	3	2141
16	0	1911
1576	6	2141
2141	5	2468
1911	7	2468
201	2	1576
201	3	2255
201	0	1911
1576	6	2255
2255	5	2466
1911	7	2466
1467	2	1576
1467	3	2209
1467	0	1911
1576	6	2209
2209	5	2466
1911	7	2466
1484	2	1796
1484	3	2141
1484	0	1911
1796	6	2141
2141	5	2466
1911	7	2466
1439	2	1576
1439	3	2141
1439	0	1911
1576	6	2141
2141	5	2466
1911	7	2466
767	2	1576
767	3	2141
767	0	1911
1576	6	2141
2141	5	2466
1911	7	2466
134	2	1576
134	3	2220
134	0	1908
1576	6	2220
2220	5	2466
1908	7	2466
2466	5	2423
7	2	1795
7	3	2141
7	0	1904
1795	6	2141
2141	5	2466
1904	7	2466
2466	5	2431
433	2	1580
433	3	2141
433	0	1911
1580	6	2141
2141	5	2466
1911	7	2466
2466	5	2404
1285	2	1576
1285	0	1911
1911	7	2466
2466	5	2411
275	2	1576
275	3	2141
275	0	1911
1576	6	2141
2141	5	2466
1911	7	2466
417	2	1698
417	3	2114
417	0	1911
1698	6	2114
2114	5	2466
1911	7	2466
423	2	1720
423	3	2051
423	0	1911
1720	6	2051
2051	5	2468
1911	7	2468
334	2	1891
334	3	2173
334	0	1911
1891	6	2173
2173	5	2466
1911	7	2466
513	2	1673
513	0	1911
1911	7	2466
520	2	1505
520	3	2058
520	0	1911
1505	6	2058
2058	5	2464
1911	7	2464
534	2	1751
534	3	2333
534	0	1911
1751	6	2333
2333	5	2467
1911	7	2467
749	2	1790
749	3	2333
749	0	1911
1790	6	2333
2333	5	2466
1911	7	2466
1019	2	1852
1019	3	2114
1019	0	1911
1852	6	2114
2114	5	2465
1911	7	2465
444	2	1576
444	3	2191
444	0	1911
1576	6	2191
2191	5	2466
1911	7	2466
2466	5	2404
1031	2	1852
1031	3	2207
1031	0	1911
1852	6	2207
2207	5	2465
1911	7	2465
1430	2	1745
1430	3	2145
1430	0	1911
1745	6	2145
2145	5	2466
1911	7	2466
231	2	1724
231	3	2276
231	0	1911
1724	6	2276
2276	5	2466
1911	7	2466
1465	2	1724
1465	3	2145
1465	0	1911
1724	6	2145
2145	5	2466
1911	7	2466
136	2	1623
136	3	2109
136	0	1911
1623	6	2109
2109	5	2466
1911	7	2466
419	2	1869
419	3	2266
419	0	1911
1869	6	2266
2266	5	2466
1911	7	2466
2466	5	2398
455	2	1833
455	0	1911
1911	7	2464
409	2	1646
409	0	1911
1911	7	2466
1372	3	2205
1372	0	1911
2205	5	2466
1911	7	2466
1100	2	1671
1100	0	1911
1911	7	2468
1146	2	1663
1146	3	2109
1146	0	1911
1663	6	2109
2109	5	2466
1911	7	2466
2466	5	2432
1472	2	1749
1472	0	1911
1911	7	2465
320	2	1539
320	3	2114
320	0	1911
1539	6	2114
2114	5	2465
1911	7	2465
142	3	2211
142	0	1911
2211	5	2466
1911	7	2466
376	2	1659
376	3	2196
376	0	1911
1659	6	2196
2196	5	2466
1911	7	2466
1476	2	1576
1476	3	2141
1476	0	1911
1576	6	2141
2141	5	2466
1911	7	2466
311	2	1571
311	3	2284
311	0	1911
1571	6	2284
2284	5	2466
1911	7	2466
217	2	1539
217	3	2114
217	0	1911
1539	6	2114
2114	5	2465
1911	7	2465
795	2	1755
795	3	2280
795	0	1911
1755	6	2280
2280	5	2468
1911	7	2468
819	2	1627
819	3	2182
819	0	1911
1627	6	2182
2182	5	2466
1911	7	2466
194	2	1539
194	3	2114
194	0	1911
1539	6	2114
2114	5	2464
1911	7	2464
1473	2	1576
1473	3	2141
1473	0	1911
1576	6	2141
2141	5	2466
1911	7	2466
185	2	1787
185	0	1911
1911	7	2466
213	2	1795
213	3	2165
213	0	1911
1795	6	2165
2165	5	2466
1911	7	2466
782	2	1576
782	3	2255
782	0	1911
1576	6	2255
2255	5	2466
1911	7	2466
854	2	1576
854	3	2141
854	0	1911
1576	6	2141
2141	5	2466
1911	7	2466
1134	2	1576
1134	3	2141
1134	0	1911
1576	6	2141
2141	5	2465
1911	7	2465
1155	2	1576
1155	3	2141
1155	0	1911
1576	6	2141
2141	5	2466
1911	7	2466
1254	2	1576
1254	3	2141
1254	0	1911
1576	6	2141
2141	5	2466
1911	7	2466
1403	2	1673
1403	3	2141
1403	0	1911
1673	6	2141
2141	5	2468
1911	7	2468
2468	5	2447
1423	2	1580
1423	3	2141
1423	0	1911
1580	6	2141
2141	5	2466
1911	7	2466
1050	2	1842
1050	0	1911
1911	7	2465
1301	2	1579
1301	3	2141
1301	0	1911
1579	6	2141
2141	5	2466
1911	7	2466
1306	2	1673
1306	3	2141
1306	0	1911
1673	6	2141
2141	5	2466
1911	7	2466
2466	5	2429
1307	2	1673
1307	3	2141
1307	0	1911
1673	6	2141
2141	5	2466
1911	7	2466
1308	2	1766
1308	3	2045
1308	0	1911
1766	6	2045
2045	5	2466
1911	7	2466
1309	2	1673
1309	0	1911
1911	7	2466
1310	2	1846
1310	3	2010
1310	0	1911
1846	6	2010
2010	5	2468
1911	7	2468
1311	2	1576
1311	3	2210
1311	0	1911
1576	6	2210
2210	5	2466
1911	7	2466
1313	2	1576
1313	3	2161
1313	0	1911
1576	6	2161
2161	5	2466
1911	7	2466
1314	2	1576
1314	3	2141
1314	0	1911
1576	6	2141
2141	5	2466
1911	7	2466
2466	5	2449
1316	2	1576
1316	3	2237
1316	0	1911
1576	6	2237
2237	5	2466
1911	7	2466
1318	2	1749
1318	0	1911
1911	7	2464
1319	2	1576
1319	3	2229
1319	0	1911
1576	6	2229
2229	5	2466
1911	7	2466
1320	2	1635
1320	3	2045
1320	0	1911
1635	6	2045
2045	5	2468
1911	7	2468
1321	2	1639
1321	0	1911
1911	7	2466
1322	2	1576
1322	3	2257
1322	0	1911
1576	6	2257
2257	5	2466
1911	7	2466
1323	2	1673
1323	3	2045
1323	0	1911
1673	6	2045
2045	5	2468
1911	7	2468
1405	2	1576
1405	3	2220
1405	0	1911
1576	6	2220
2220	5	2466
1911	7	2466
1409	3	2141
1409	0	1911
2141	5	2466
1911	7	2466
2466	5	2423
1419	2	1576
1419	3	2141
1419	0	1911
1576	6	2141
2141	5	2466
1911	7	2466
1421	2	1576
1421	3	1953
1421	0	1911
1576	6	1953
1953	5	2466
1911	7	2466
2466	5	2383
1427	2	1609
1427	3	2308
1427	0	1911
1609	6	2308
2308	5	2466
1911	7	2466
1429	2	1576
1429	3	2135
1429	0	1911
1576	6	2135
2135	5	2466
1911	7	2466
1441	2	1581
1441	3	2141
1441	0	1911
1581	6	2141
2141	5	2466
1911	7	2466
1442	2	1576
1442	3	2141
1442	0	1911
1576	6	2141
2141	5	2466
1911	7	2466
1448	2	1673
1448	3	2141
1448	0	1911
1673	6	2141
2141	5	2466
1911	7	2466
1449	2	1552
1449	0	1911
1911	7	2468
2468	5	2381
1450	2	1576
1450	3	2141
1450	0	1911
1576	6	2141
2141	5	2466
1911	7	2466
1451	2	1576
1451	0	1911
1911	7	2466
1452	2	1624
1452	3	2015
1452	0	1911
1624	6	2015
2015	5	2465
1911	7	2465
2465	5	2412
1453	2	1660
1453	3	2141
1453	0	1911
1660	6	2141
2141	5	2466
1911	7	2466
1454	2	1534
1454	3	2097
1454	0	1911
1534	6	2097
2097	5	2466
1911	7	2466
1455	0	1911
1911	7	2466
1456	2	1852
1456	3	2062
1456	0	1911
1852	6	2062
2062	5	2464
1911	7	2464
1457	2	1673
1457	3	2135
1457	0	1911
1673	6	2135
2135	5	2466
1911	7	2466
2466	5	2381
1458	2	1671
1458	0	1911
1911	7	2466
2466	5	2381
1459	2	1673
1459	0	1911
1911	7	2466
2466	5	2381
1481	2	1580
1481	3	2231
1481	0	1911
1580	6	2231
2231	5	2466
1911	7	2466
1487	2	1576
1487	3	2141
1487	0	1911
1576	6	2141
2141	5	2466
1911	7	2466
2466	5	2387
1489	2	1895
1489	3	2125
1489	0	1911
1895	6	2125
2125	5	2468
1911	7	2468
2468	5	2383
1493	2	1720
1493	3	2052
1493	0	1911
1720	6	2052
2052	5	2468
1911	7	2468
2468	5	2383
153	2	1819
153	3	2141
153	0	1911
1819	6	2141
2141	5	2466
1911	7	2466
51	2	1673
51	3	2047
51	0	1911
1673	6	2047
2047	5	2465
1911	7	2465
2465	5	2411
61	2	1751
61	3	2087
61	0	1911
1751	6	2087
2087	5	2466
1911	7	2466
2466	5	2411
74	2	1638
74	3	2341
74	0	1911
1638	6	2341
2341	5	2467
1911	7	2467
2467	5	2411
21	2	1576
21	3	2141
21	0	1911
1576	6	2141
2141	5	2466
1911	7	2466
2466	5	2411
76	2	1585
76	3	2141
76	0	1911
1585	6	2141
2141	5	2466
1911	7	2466
2466	5	2411
56	2	1576
56	3	2325
56	0	1911
1576	6	2325
2325	5	2466
1911	7	2466
2466	5	2432
270	2	1638
270	3	2341
270	0	1911
1638	6	2341
2341	5	2467
1911	7	2467
139	2	1796
139	3	2337
139	0	1911
1796	6	2337
2337	5	2467
1911	7	2467
163	2	1834
163	3	2291
163	0	1911
1834	6	2291
2291	5	2466
1911	7	2466
398	2	1836
398	3	1917
398	0	1911
1836	6	1917
1917	5	2465
1911	7	2465
2465	5	2423
1362	2	1580
1362	3	2325
1362	0	1911
1580	6	2325
2325	5	2466
1911	7	2466
1340	2	1638
1340	0	1911
1911	7	2467
0	2	1505
0	3	2276
0	0	1907
1505	6	2276
2276	5	2464
1907	7	2464
2464	5	2378
347	2	1580
347	3	2141
347	0	1911
1580	6	2141
2141	5	2466
1911	7	2466
365	0	1911
1911	7	2466
1382	2	1574
1382	3	2233
1382	0	1911
1574	6	2233
2233	5	2466
1911	7	2466
316	2	1559
316	0	1911
1911	7	2464
327	2	1605
327	3	2343
327	0	1911
1605	6	2343
2343	5	2466
1911	7	2466
121	2	1673
121	3	2135
121	0	1911
1673	6	2135
2135	5	2466
1911	7	2466
344	2	1697
344	3	2334
344	0	1901
1697	6	2334
2334	5	2466
1901	7	2466
2466	5	2452
321	2	1568
321	3	2311
321	0	1911
1568	6	2311
2311	5	2464
1911	7	2464
346	0	1911
1911	7	2467
230	2	1836
230	3	2132
230	0	1911
1836	6	2132
2132	5	2465
1911	7	2465
302	2	1773
302	3	2333
302	0	1911
1773	6	2333
2333	5	2466
1911	7	2466
2466	5	2376
249	3	2343
249	0	1911
2343	5	2467
1911	7	2467
1330	2	1576
1330	3	2141
1330	0	1911
1576	6	2141
2141	5	2466
1911	7	2466
11	2	1893
11	3	2159
11	0	1911
1893	6	2159
2159	5	2465
1911	7	2465
435	2	1576
435	3	2210
435	0	1911
1576	6	2210
2210	5	2466
1911	7	2466
914	2	1519
914	0	1911
1911	7	2466
1053	2	1648
1053	0	1911
1911	7	2467
198	2	1604
198	3	1918
198	0	1911
1604	6	1918
1918	5	2467
1911	7	2467
1366	2	1505
1366	3	2302
1366	0	1911
1505	6	2302
2302	5	2464
1911	7	2464
1356	2	1698
1356	3	1917
1356	0	1911
1698	6	1917
1917	5	2466
1911	7	2466
432	2	1615
432	3	2238
432	0	1911
1615	6	2238
2238	5	2466
1911	7	2466
2466	5	2411
172	2	1724
172	3	1917
172	0	1911
1724	6	1917
1917	5	2466
1911	7	2466
77	2	1874
77	0	1911
1911	7	2466
39	2	1671
39	3	2189
39	0	1911
1671	6	2189
2189	5	2466
1911	7	2466
2466	5	2432
405	2	1682
405	3	1966
405	0	1911
1682	6	1966
1966	5	2464
1911	7	2464
412	3	2323
412	0	1911
2323	5	2466
1911	7	2466
800	2	1749
800	3	2327
800	0	1911
1749	6	2327
2327	5	2468
1911	7	2468
826	2	1751
826	3	2307
826	0	1911
1751	6	2307
2307	5	2465
1911	7	2465
916	2	1534
916	3	1950
916	0	1911
1534	6	1950
1950	5	2465
1911	7	2465
925	3	2141
925	0	1911
2141	5	2466
1911	7	2466
1109	2	1746
1109	3	2341
1109	0	1911
1746	6	2341
2341	5	2467
1911	7	2467
180	2	1759
180	3	2227
180	0	1911
1759	6	2227
2227	5	2464
1911	7	2464
1358	2	1534
1358	3	2120
1358	0	1911
1534	6	2120
2120	5	2465
1911	7	2465
1396	2	1782
1396	3	2126
1396	0	1899
1782	6	2126
2126	5	2466
1899	7	2466
2466	5	2455
1485	2	1534
1485	3	1957
1485	0	1911
1534	6	1957
1957	5	2466
1911	7	2466
2466	5	2399
1474	2	1534
1474	3	2014
1474	0	1911
1534	6	2014
2014	5	2465
1911	7	2465
2465	5	2392
1375	2	1834
1375	3	2291
1375	0	1911
1834	6	2291
2291	5	2466
1911	7	2466
1361	2	1870
1361	3	2288
1361	0	1911
1870	6	2288
2288	5	2468
1911	7	2468
2468	5	2404
1357	2	1534
1357	3	1956
1357	0	1911
1534	6	1956
1956	5	2465
1911	7	2465
650	2	1534
650	3	2141
650	0	1911
1534	6	2141
2141	5	2465
1911	7	2465
706	2	1852
706	3	2291
706	0	1911
1852	6	2291
2291	5	2465
1911	7	2465
872	2	1534
872	3	1948
872	0	1911
1534	6	1948
1948	5	2465
1911	7	2465
1371	2	1534
1371	3	1971
1371	0	1911
1534	6	1971
1971	5	2466
1911	7	2466
391	2	1534
391	3	1950
391	0	1911
1534	6	1950
1950	5	2465
1911	7	2465
394	2	1640
394	3	2098
394	0	1911
1640	6	2098
2098	5	2465
1911	7	2465
564	2	1534
564	3	2104
564	0	1911
1534	6	2104
2104	5	2465
1911	7	2465
584	2	1534
584	3	2367
584	0	1911
1534	6	2367
2367	5	2466
1911	7	2466
669	2	1523
669	0	1911
1911	7	2464
671	2	1852
671	3	2291
671	0	1911
1852	6	2291
2291	5	2465
1911	7	2465
709	2	1514
709	0	1911
1911	7	2466
734	2	1564
734	3	2107
734	0	1911
1564	6	2107
2107	5	2464
1911	7	2464
1017	2	1797
1017	3	2276
1017	0	1911
1797	6	2276
2276	5	2465
1911	7	2465
1030	2	1534
1030	3	2367
1030	0	1911
1534	6	2367
2367	5	2465
1911	7	2465
1054	2	1782
1054	3	2268
1054	0	1911
1782	6	2268
2268	5	2466
1911	7	2466
1077	3	2109
1077	0	1911
2109	5	2466
1911	7	2466
1119	2	1852
1119	3	1926
1119	0	1911
1852	6	1926
1926	5	2465
1911	7	2465
437	2	1558
437	3	2109
437	0	1911
1558	6	2109
2109	5	2466
1911	7	2466
60	2	1615
60	3	1981
60	0	1911
1615	6	1981
1981	5	2466
1911	7	2466
2466	5	2431
453	2	1615
453	3	1980
453	0	1911
1615	6	1980
1980	5	2466
1911	7	2466
420	2	1512
420	0	1911
1911	7	2466
1337	2	1748
1337	3	2366
1337	0	1911
1748	6	2366
2366	5	2466
1911	7	2466
2466	5	2401
272	2	1580
272	3	2301
272	0	1911
1580	6	2301
2301	5	2466
1911	7	2466
225	2	1683
225	3	2141
225	0	1911
1683	6	2141
2141	5	2465
1911	7	2465
236	2	1757
236	0	1911
1911	7	2466
239	2	1571
239	0	1911
1911	7	2464
23	2	1498
23	3	2114
23	0	1911
1498	6	2114
2114	5	2466
1911	7	2466
2466	5	2411
416	2	1603
416	3	2266
416	0	1911
1603	6	2266
2266	5	2466
1911	7	2466
421	2	1846
421	3	2147
421	0	1911
1846	6	2147
2147	5	2466
1911	7	2466
350	3	2343
350	0	1911
2343	5	2467
1911	7	2467
557	2	1856
557	3	2249
557	0	1911
1856	6	2249
2249	5	2466
1911	7	2466
960	2	1803
960	0	1911
1911	7	2466
1172	2	1694
1172	0	1911
1911	7	2466
1173	2	1612
1173	3	2109
1173	0	1911
1612	6	2109
2109	5	2466
1911	7	2466
2466	5	2383
1174	2	1639
1174	0	1911
1911	7	2466
1176	2	1673
1176	3	2045
1176	0	1911
1673	6	2045
2045	5	2466
1911	7	2466
2466	5	2383
1181	2	1759
1181	3	2228
1181	0	1911
1759	6	2228
2228	5	2464
1911	7	2464
2464	5	2391
1183	2	1570
1183	0	1911
1911	7	2466
2466	5	2383
1184	2	1697
1184	3	1974
1184	0	1911
1697	6	1974
1974	5	2466
1911	7	2466
1186	2	1602
1186	3	2333
1186	0	1911
1602	6	2333
2333	5	2467
1911	7	2467
2467	5	2383
1187	2	1801
1187	3	1973
1187	0	1911
1801	6	1973
1973	5	2466
1911	7	2466
2466	5	2383
1188	2	1576
1188	3	2045
1188	0	1911
1576	6	2045
2045	5	2465
1911	7	2465
2465	5	2383
1190	2	1852
1190	0	1911
1911	7	2465
1191	2	1507
1191	3	2109
1191	0	1911
1507	6	2109
2109	5	2466
1911	7	2466
1193	2	1645
1193	3	2000
1193	0	1911
1645	6	2000
2000	5	2466
1911	7	2466
2466	5	2383
1219	2	1615
1219	3	1951
1219	0	1911
1615	6	1951
1951	5	2468
1911	7	2468
2468	5	2441
1223	2	1615
1223	3	1929
1223	0	1911
1615	6	1929
1929	5	2466
1911	7	2466
2466	5	2383
1226	2	1615
1226	3	2342
1226	0	1911
1615	6	2342
2342	5	2466
1911	7	2466
1227	2	1640
1227	3	2218
1227	0	1911
1640	6	2218
2218	5	2465
1911	7	2465
2465	5	2441
1228	2	1833
1228	3	2234
1228	0	1911
1833	6	2234
2234	5	2466
1911	7	2466
2466	5	2383
1229	2	1560
1229	3	1963
1229	0	1911
1560	6	1963
1963	5	2464
1911	7	2464
1231	2	1852
1231	0	1911
1911	7	2465
2465	5	2441
1232	0	1911
1911	7	2466
536	2	1534
536	3	1967
536	0	1911
1534	6	1967
1967	5	2466
1911	7	2466
2466	5	2379
540	2	1596
540	3	2013
540	0	1911
1596	6	2013
2013	5	2465
1911	7	2465
2465	5	2383
562	2	1615
562	3	1979
562	0	1911
1615	6	1979
1979	5	2465
1911	7	2465
2465	5	2383
623	2	1530
623	3	2235
623	0	1911
1530	6	2235
2235	5	2466
1911	7	2466
2466	5	2422
627	2	1685
627	0	1911
1911	7	2464
2464	5	2383
655	2	1898
655	3	2029
655	0	1911
1898	6	2029
2029	5	2466
1911	7	2466
2466	5	2383
729	2	1517
729	3	2225
729	0	1911
1517	6	2225
2225	5	2466
1911	7	2466
2466	5	2383
745	2	1852
745	3	2038
745	0	1911
1852	6	2038
2038	5	2465
1911	7	2465
779	2	1836
779	0	1911
1911	7	2466
2466	5	2383
818	2	1852
818	3	1925
818	0	1911
1852	6	1925
1925	5	2465
1911	7	2465
2465	5	2383
852	2	1594
852	3	2116
852	0	1911
1594	6	2116
2116	5	2464
1911	7	2464
2464	5	2383
911	2	1592
911	3	2115
911	0	1911
1592	6	2115
2115	5	2466
1911	7	2466
2466	5	2383
1049	2	1520
1049	3	2033
1049	0	1911
1520	6	2033
2033	5	2466
1911	7	2466
1185	2	1520
1185	3	2033
1185	0	1911
1520	6	2033
2033	5	2466
1911	7	2466
1192	2	1539
1192	3	2034
1192	0	1911
1539	6	2034
2034	5	2465
1911	7	2465
1194	2	1798
1194	3	2109
1194	0	1911
1798	6	2109
2109	5	2466
1911	7	2466
2466	5	2383
1274	2	1702
1274	0	1911
1911	7	2466
1279	2	1783
1279	3	2114
1279	0	1911
1783	6	2114
2114	5	2466
1911	7	2466
2466	5	2383
1286	2	1792
1286	3	2330
1286	0	1911
1792	6	2330
2330	5	2465
1911	7	2465
1287	2	1621
1287	0	1911
1911	7	2466
2466	5	2377
1289	2	1836
1289	3	1914
1289	0	1911
1836	6	1914
1914	5	2465
1911	7	2465
2465	5	2383
1290	2	1836
1290	3	2126
1290	0	1911
1836	6	2126
2126	5	2465
1911	7	2465
1292	2	1702
1292	3	2090
1292	0	1911
1702	6	2090
2090	5	2466
1911	7	2466
1296	2	1558
1296	3	2109
1296	0	1911
1558	6	2109
2109	5	2466
1911	7	2466
1302	2	1517
1302	3	2284
1302	0	1911
1517	6	2284
2284	5	2466
1911	7	2466
2466	5	2427
1303	2	1523
1303	0	1911
1911	7	2464
2464	5	2389
1304	2	1702
1304	3	2090
1304	0	1911
1702	6	2090
2090	5	2466
1911	7	2466
2466	5	2427
1324	2	1516
1324	3	1982
1324	0	1911
1516	6	1982
1982	5	2465
1911	7	2465
2465	5	2389
1402	2	1784
1402	0	1911
1911	7	2466
2466	5	2389
1406	2	1797
1406	3	2321
1406	0	1911
1797	6	2321
2321	5	2466
1911	7	2466
2466	5	2383
1410	2	1618
1410	3	2235
1410	0	1911
1618	6	2235
2235	5	2464
1911	7	2464
2464	5	2383
1411	2	1825
1411	3	2258
1411	0	1911
1825	6	2258
2258	5	2466
1911	7	2466
1412	2	1852
1412	3	2158
1412	0	1911
1852	6	2158
2158	5	2465
1911	7	2465
2465	5	2430
1415	2	1575
1415	3	2144
1415	0	1911
1575	6	2144
2144	5	2464
1911	7	2464
2464	5	2379
1420	2	1702
1420	3	2135
1420	0	1911
1702	6	2135
2135	5	2466
1911	7	2466
2466	5	2383
1422	2	1702
1422	3	2128
1422	0	1911
1702	6	2128
2128	5	2466
1911	7	2466
2466	5	2383
1425	2	1594
1425	3	2311
1425	0	1911
1594	6	2311
2311	5	2466
1911	7	2466
1426	2	1594
1426	3	2114
1426	0	1911
1594	6	2114
2114	5	2466
1911	7	2466
1428	2	1502
1428	3	2342
1428	0	1911
1502	6	2342
2342	5	2465
1911	7	2465
2465	5	2383
1432	2	1836
1432	3	1917
1432	0	1911
1836	6	1917
1917	5	2465
1911	7	2465
2465	5	2383
1433	2	1836
1433	3	2033
1433	0	1911
1836	6	2033
2033	5	2465
1911	7	2465
2465	5	2383
1435	2	1836
1435	3	1917
1435	0	1911
1836	6	1917
1917	5	2465
1911	7	2465
1436	2	1745
1436	3	2033
1436	0	1911
1745	6	2033
2033	5	2466
1911	7	2466
2466	5	2383
1438	2	1745
1438	3	2114
1438	0	1911
1745	6	2114
2114	5	2466
1911	7	2466
2466	5	2383
1440	2	1539
1440	3	2033
1440	0	1911
1539	6	2033
2033	5	2465
1911	7	2465
2465	5	2383
1443	2	1724
1443	3	2033
1443	0	1911
1724	6	2033
2033	5	2466
1911	7	2466
1444	2	1673
1444	3	2045
1444	0	1911
1673	6	2045
2045	5	2468
1911	7	2468
2468	5	2383
1445	2	1615
1445	3	1984
1445	0	1911
1615	6	1984
1984	5	2466
1911	7	2466
1460	2	1690
1460	3	2266
1460	0	1911
1690	6	2266
2266	5	2466
1911	7	2466
1488	2	1524
1488	0	1911
1911	7	2466
1491	2	1747
1491	0	1911
1911	7	2466
2466	5	2383
1494	2	1523
1494	3	2110
1494	0	1911
1523	6	2110
2110	5	2466
1911	7	2466
2466	5	2383
1495	3	2374
1495	0	1911
2374	5	2466
1911	7	2466
2466	5	2389
1497	2	1852
1497	3	2160
1497	0	1911
1852	6	2160
2160	5	2464
1911	7	2464
306	2	1534
306	3	2056
306	0	1911
1534	6	2056
2056	5	2465
1911	7	2465
1359	2	1539
1359	3	2114
1359	0	1911
1539	6	2114
2114	5	2465
1911	7	2465
1475	2	1539
1475	3	2033
1475	0	1911
1539	6	2033
2033	5	2465
1911	7	2465
1477	2	1836
1477	3	1917
1477	0	1911
1836	6	1917
1917	5	2465
1911	7	2465
191	2	1701
191	3	1973
191	0	1911
1701	6	1973
1973	5	2466
1911	7	2466
1354	2	1642
1354	3	2045
1354	0	1911
1642	6	2045
2045	5	2465
1911	7	2465
325	2	1701
325	0	1911
1911	7	2466
1355	2	1840
1355	3	2210
1355	0	1911
1840	6	2210
2210	5	2466
1911	7	2466
111	2	1774
111	3	1940
111	0	1911
1774	6	1940
1940	5	2466
1911	7	2466
1127	2	1557
1127	3	2114
1127	0	1911
1557	6	2114
2114	5	2466
1911	7	2466
133	2	1852
133	3	2251
133	0	1911
1852	6	2251
2251	5	2465
1911	7	2465
470	2	1500
470	3	2052
470	0	1911
1500	6	2052
2052	5	2466
1911	7	2466
2466	5	2443
335	2	1803
335	3	2071
335	0	1911
1803	6	2071
2071	5	2466
1911	7	2466
75	2	1833
75	3	1992
75	0	1911
1833	6	1992
1992	5	2466
1911	7	2466
2466	5	2411
119	2	1797
119	0	1911
1911	7	2466
2466	5	2431
89	2	1854
89	3	2103
89	0	1911
1854	6	2103
2103	5	2466
1911	7	2466
2466	5	2431
53	2	1547
53	0	1911
1911	7	2465
2465	5	2431
15	3	2368
15	0	1911
2368	5	2465
1911	7	2465
2465	5	2411
32	2	1648
32	3	2268
32	0	1911
1648	6	2268
2268	5	2466
1911	7	2466
2466	5	2431
116	2	1547
116	0	1911
1911	7	2465
63	2	1667
63	3	2240
63	0	1911
1667	6	2240
2240	5	2466
1911	7	2466
31	2	1769
31	0	1911
1911	7	2466
2466	5	2411
50	2	1551
50	3	2220
50	0	1911
1551	6	2220
2220	5	2466
1911	7	2466
1466	2	1534
1466	3	1948
1466	0	1911
1534	6	1948
1948	5	2465
1911	7	2465
2465	5	2431
22	2	1701
22	3	2173
22	0	1911
1701	6	2173
2173	5	2466
1911	7	2466
2466	5	2432
244	2	1517
244	3	2278
244	0	1911
1517	6	2278
2278	5	2466
1911	7	2466
26	2	1547
26	0	1911
1911	7	2465
72	2	1646
72	3	1997
72	0	1911
1646	6	1997
1997	5	2468
1911	7	2468
2468	5	2432
108	2	1558
108	3	2109
108	0	1911
1558	6	2109
2109	5	2466
1911	7	2466
125	2	1674
125	3	2333
125	0	1911
1674	6	2333
2333	5	2467
1911	7	2467
151	2	1517
151	3	1929
151	0	1911
1517	6	1929
1929	5	2466
1911	7	2466
92	2	1724
92	3	1917
92	0	1911
1724	6	1917
1917	5	2466
1911	7	2466
2466	5	2384
165	2	1836
165	3	1917
165	0	1911
1836	6	1917
1917	5	2465
1911	7	2465
323	2	1690
323	3	2268
323	0	1911
1690	6	2268
2268	5	2466
1911	7	2466
341	2	1803
341	3	2203
341	0	1911
1803	6	2203
2203	5	2466
1911	7	2466
300	2	1854
300	3	2109
300	0	1911
1854	6	2109
2109	5	2466
1911	7	2466
195	2	1523
195	3	2215
195	0	1911
1523	6	2215
2215	5	2465
1911	7	2465
215	2	1594
215	0	1911
1911	7	2466
309	2	1648
309	3	2264
309	0	1911
1648	6	2264
2264	5	2466
1911	7	2466
348	2	1767
348	3	2114
348	0	1911
1767	6	2114
2114	5	2464
1911	7	2464
314	2	1648
314	3	2268
314	0	1911
1648	6	2268
2268	5	2466
1911	7	2466
235	2	1711
235	3	2141
235	0	1911
1711	6	2141
2141	5	2465
1911	7	2465
183	2	1576
183	0	1911
1911	7	2466
55	2	1663
55	3	2109
55	0	1911
1663	6	2109
2109	5	2466
1911	7	2466
307	2	1683
307	3	2220
307	0	1911
1683	6	2220
2220	5	2466
1911	7	2466
342	2	1683
342	3	2141
342	0	1911
1683	6	2141
2141	5	2466
1911	7	2466
290	2	1683
290	0	1911
1911	7	2466
353	2	1683
353	3	2141
353	0	1911
1683	6	2141
2141	5	2466
1911	7	2466
315	2	1683
315	0	1911
1911	7	2465
269	2	1852
269	3	2170
269	0	1911
1852	6	2170
2170	5	2466
1911	7	2466
286	2	1791
286	3	2336
286	0	1911
1791	6	2336
2336	5	2467
1911	7	2467
397	2	1852
397	3	2276
397	0	1911
1852	6	2276
2276	5	2465
1911	7	2465
454	2	1673
454	3	2141
454	0	1911
1673	6	2141
2141	5	2468
1911	7	2468
2468	5	2414
1401	2	1646
1401	0	1911
1911	7	2467
1142	2	1894
1142	3	2333
1142	0	1911
1894	6	2333
2333	5	2467
1911	7	2467
1224	2	1852
1224	3	2352
1224	0	1911
1852	6	2352
2352	5	2465
1911	7	2465
402	2	1825
402	0	1911
1911	7	2466
2466	5	2433
1221	0	1911
1911	7	2466
9	2	1658
9	3	2153
9	0	1911
1658	6	2153
2153	5	2466
1911	7	2466
2466	5	2397
1339	2	1852
1339	3	1928
1339	0	1911
1852	6	1928
1928	5	2465
1911	7	2465
2465	5	2431
1341	3	2074
1341	0	1911
2074	5	2466
1911	7	2466
2466	5	2411
385	2	1652
385	3	2196
385	0	1911
1652	6	2196
2196	5	2466
1911	7	2466
468	2	1852
468	0	1911
1911	7	2465
2465	5	2404
434	2	1615
434	3	1937
434	0	1911
1615	6	1937
1937	5	2466
1911	7	2466
1392	2	1577
1392	3	2341
1392	0	1911
1577	6	2341
2341	5	2466
1911	7	2466
466	2	1648
466	3	2266
466	0	1911
1648	6	2266
2266	5	2466
1911	7	2466
1395	2	1500
1395	3	2020
1395	0	1911
1500	6	2020
2020	5	2466
1911	7	2466
2466	5	2431
1461	2	1804
1461	3	1993
1461	0	1911
1804	6	1993
1993	5	2466
1911	7	2466
1218	2	1852
1218	3	2112
1218	0	1911
1852	6	2112
2112	5	2465
1911	7	2465
2465	5	2439
784	2	1758
784	3	1974
784	0	1911
1758	6	1974
1974	5	2466
1911	7	2466
810	2	1877
810	0	1911
1911	7	2465
474	2	1576
474	3	2191
474	0	1911
1576	6	2191
2191	5	2466
1911	7	2466
2466	5	2411
1416	2	1861
1416	3	2145
1416	0	1911
1861	6	2145
2145	5	2465
1911	7	2465
2465	5	2394
537	2	1537
537	3	2129
537	0	1911
1537	6	2129
2129	5	2466
1911	7	2466
688	2	1598
688	3	1974
688	0	1911
1598	6	1974
1974	5	2466
1911	7	2466
698	2	1739
698	0	1911
1911	7	2466
699	2	1852
699	3	2057
699	0	1911
1852	6	2057
2057	5	2465
1911	7	2465
2465	5	2383
713	2	1638
713	3	2343
713	0	1911
1638	6	2343
2343	5	2467
1911	7	2467
924	2	1638
924	3	2343
924	0	1911
1638	6	2343
2343	5	2467
1911	7	2467
1058	2	1850
1058	3	2333
1058	0	1911
1850	6	2333
2333	5	2467
1911	7	2467
2467	5	2432
1148	2	1688
1148	3	2333
1148	0	1911
1688	6	2333
2333	5	2467
1911	7	2467
1149	2	1879
1149	3	2333
1149	0	1911
1879	6	2333
2333	5	2466
1911	7	2466
1171	2	1676
1171	3	2333
1171	0	1911
1676	6	2333
2333	5	2467
1911	7	2467
2467	5	2407
1180	2	1641
1180	3	2333
1180	0	1911
1641	6	2333
2333	5	2465
1911	7	2465
1206	2	1878
1206	3	2343
1206	0	1911
1878	6	2343
2343	5	2467
1911	7	2467
1272	2	1770
1272	3	2317
1272	0	1911
1770	6	2317
2317	5	2464
1911	7	2464
1291	2	1648
1291	3	2264
1291	0	1911
1648	6	2264
2264	5	2467
1911	7	2467
2467	5	2439
1294	2	1772
1294	3	2333
1294	0	1911
1772	6	2333
2333	5	2466
1911	7	2466
1295	2	1649
1295	3	2266
1295	0	1911
1649	6	2266
2266	5	2466
1911	7	2466
2466	5	2457
1297	2	1597
1297	3	2311
1297	0	1911
1597	6	2311
2311	5	2464
1911	7	2464
1298	2	1597
1298	3	2311
1298	0	1911
1597	6	2311
2311	5	2464
1911	7	2464
2464	5	2383
1299	2	1604
1299	3	2061
1299	0	1911
1604	6	2061
2061	5	2467
1911	7	2467
1300	2	1673
1300	0	1911
1911	7	2466
1315	2	1681
1315	3	2141
1315	0	1911
1681	6	2141
2141	5	2466
1911	7	2466
1353	2	1842
1353	3	1995
1353	0	1911
1842	6	1995
1995	5	2465
1911	7	2465
91	2	1618
91	0	1911
1911	7	2465
88	2	1618
88	3	2007
88	0	1911
1618	6	2007
2007	5	2468
1911	7	2468
84	2	1842
84	3	2141
84	0	1911
1842	6	2141
2141	5	2465
1911	7	2465
49	2	1683
49	3	2018
49	0	1911
1683	6	2018
2018	5	2465
1911	7	2465
105	2	1739
105	0	1911
1911	7	2468
2468	5	2411
200	2	1567
200	3	2199
200	0	1911
1567	6	2199
2199	5	2466
1911	7	2466
120	2	1558
120	3	2109
120	0	1911
1558	6	2109
2109	5	2466
1911	7	2466
199	2	1852
199	0	1911
1911	7	2465
4	2	1852
4	0	1911
1911	7	2465
101	2	1683
101	3	2113
101	0	1911
1683	6	2113
2113	5	2465
1911	7	2465
2465	5	2390
62	2	1680
62	3	2315
62	0	1911
1680	6	2315
2315	5	2465
1911	7	2465
166	3	2130
166	0	1911
2130	5	2465
1911	7	2465
140	3	2343
140	0	1911
2343	5	2468
1911	7	2468
64	2	1885
64	3	2334
64	0	1911
1885	6	2334
2334	5	2466
1911	7	2466
159	2	1768
159	3	2056
159	0	1911
1768	6	2056
2056	5	2465
1911	7	2465
2465	5	2462
24	2	1576
24	3	2141
24	0	1911
1576	6	2141
2141	5	2466
1911	7	2466
147	2	1836
147	3	1917
147	0	1911
1836	6	1917
1917	5	2465
1911	7	2465
2465	5	2435
57	2	1563
57	3	2333
57	0	1911
1563	6	2333
2333	5	2466
1911	7	2466
113	2	1846
113	3	2359
113	0	1911
1846	6	2359
2359	5	2464
1911	7	2464
178	2	1641
178	3	2343
178	0	1911
1641	6	2343
2343	5	2465
1911	7	2465
97	2	1638
97	3	2343
97	0	1911
1638	6	2343
2343	5	2466
1911	7	2466
181	3	1973
181	0	1911
1973	5	2466
1911	7	2466
85	2	1561
85	0	1911
1911	7	2466
54	2	1852
54	3	1947
54	0	1911
1852	6	1947
1947	5	2465
1911	7	2465
124	2	1852
124	3	1943
124	0	1911
1852	6	1943
1943	5	2465
1911	7	2465
117	2	1576
117	3	1931
117	0	1911
1576	6	1931
1931	5	2466
1911	7	2466
118	2	1518
118	3	1999
118	0	1911
1518	6	1999
1999	5	2466
1911	7	2466
123	0	1911
1911	7	2466
374	2	1646
374	0	1911
1911	7	2468
253	2	1674
253	3	1973
253	0	1911
1674	6	1973
1973	5	2466
1911	7	2466
351	2	1666
351	3	1918
351	0	1911
1666	6	1918
1918	5	2466
1911	7	2466
218	2	1875
218	0	1911
1911	7	2465
128	2	1576
128	3	2143
128	0	1911
1576	6	2143
2143	5	2466
1911	7	2466
2466	5	2431
173	2	1615
173	3	2333
173	0	1911
1615	6	2333
2333	5	2466
1911	7	2466
1379	2	1534
1379	3	2121
1379	0	1911
1534	6	2121
2121	5	2465
1911	7	2465
362	3	1973
362	0	1911
1973	5	2466
1911	7	2466
294	2	1566
294	0	1911
1911	7	2466
241	2	1852
241	3	2114
241	0	1911
1852	6	2114
2114	5	2465
1911	7	2465
367	2	1501
367	3	2005
367	0	1911
1501	6	2005
2005	5	2465
1911	7	2465
2465	5	2431
149	2	1675
149	3	1941
149	0	1911
1675	6	1941
1941	5	2466
1911	7	2466
209	2	1697
209	3	2334
209	0	1911
1697	6	2334
2334	5	2466
1911	7	2466
257	2	1697
257	3	2334
257	0	1911
1697	6	2334
2334	5	2466
1911	7	2466
259	2	1888
259	3	2025
259	0	1911
1888	6	2025
2025	5	2466
1911	7	2466
252	2	1697
252	3	2306
252	0	1911
1697	6	2306
2306	5	2466
1911	7	2466
1377	2	1733
1377	0	1911
1911	7	2468
2468	5	2405
326	2	1649
326	3	2266
326	0	1911
1649	6	2266
2266	5	2466
1911	7	2466
375	2	1846
375	3	2057
375	0	1911
1846	6	2057
2057	5	2465
1911	7	2465
233	2	1598
233	3	1974
233	0	1911
1598	6	1974
1974	5	2466
1911	7	2466
167	2	1598
167	3	1974
167	0	1911
1598	6	1974
1974	5	2466
1911	7	2466
310	2	1860
310	3	2148
310	0	1911
1860	6	2148
2148	5	2466
1911	7	2466
2466	5	2383
361	2	1690
361	3	1974
361	0	1911
1690	6	1974
1974	5	2466
1911	7	2466
319	2	1598
319	3	1974
319	0	1911
1598	6	1974
1974	5	2466
1911	7	2466
2466	5	2416
232	2	1739
232	3	1974
232	0	1911
1739	6	1974
1974	5	2466
1911	7	2466
143	2	1598
143	3	1974
143	0	1911
1598	6	1974
1974	5	2466
1911	7	2466
220	2	1534
220	0	1911
1911	7	2465
266	2	1874
266	3	2370
266	0	1911
1874	6	2370
2370	5	2466
1911	7	2466
41	2	1615
41	3	2077
41	0	1911
1615	6	2077
2077	5	2465
1911	7	2465
2465	5	2397
2	2	1846
2	0	1911
1911	7	2465
1327	2	1842
1327	3	1923
1327	0	1911
1842	6	1923
1923	5	2465
1911	7	2465
2465	5	2432
8	2	1560
8	0	1911
1911	7	2465
2465	5	2411
78	2	1534
78	3	1949
78	0	1911
1534	6	1949
1949	5	2465
1911	7	2465
2465	5	2397
48	3	2342
48	0	1911
2342	5	2465
1911	7	2465
2465	5	2431
36	2	1852
36	3	2342
36	0	1911
1852	6	2342
2342	5	2465
1911	7	2465
2465	5	2397
1332	2	1517
1332	0	1911
1911	7	2466
2466	5	2397
135	2	1521
135	3	2294
135	0	1911
1521	6	2294
2294	5	2466
1911	7	2466
2466	5	2397
80	2	1836
80	3	2156
80	0	1911
1836	6	2156
2156	5	2465
1911	7	2465
2465	5	2431
71	2	1673
71	0	1911
1911	7	2466
2466	5	2411
107	2	1576
107	3	2141
107	0	1911
1576	6	2141
2141	5	2466
1911	7	2466
2466	5	2432
1334	2	1836
1334	3	1917
1334	0	1911
1836	6	1917
1917	5	2465
1911	7	2465
2465	5	2432
425	2	1673
425	3	2045
425	0	1911
1673	6	2045
2045	5	2466
1911	7	2466
452	2	1588
452	0	1911
1911	7	2466
451	2	1615
451	3	2335
451	0	1911
1615	6	2335
2335	5	2466
1911	7	2466
439	2	1576
439	3	2141
439	0	1911
1576	6	2141
2141	5	2466
1911	7	2466
2466	5	2404
396	2	1842
396	3	1925
396	0	1911
1842	6	1925
1925	5	2465
1911	7	2465
377	2	1852
377	3	2135
377	0	1911
1852	6	2135
2135	5	2465
1911	7	2465
413	2	1503
413	3	2109
413	0	1911
1503	6	2109
2109	5	2466
1911	7	2466
418	2	1680
418	0	1911
1911	7	2466
2466	5	2453
1483	2	1852
1483	3	2219
1483	0	1911
1852	6	2219
2219	5	2465
1911	7	2465
426	2	1841
426	3	1962
426	0	1911
1841	6	1962
1962	5	2465
1911	7	2465
379	2	1576
379	3	2141
379	0	1911
1576	6	2141
2141	5	2466
1911	7	2466
407	2	1842
407	3	2038
407	0	1911
1842	6	2038
2038	5	2465
1911	7	2465
1390	3	2047
1390	0	1911
2047	5	2466
1911	7	2466
447	2	1529
447	3	2111
447	0	1911
1529	6	2111
2111	5	2466
1911	7	2466
449	2	1852
449	3	2375
449	0	1911
1852	6	2375
2375	5	2465
1911	7	2465
448	2	1673
448	3	2045
448	0	1911
1673	6	2045
2045	5	2465
1911	7	2465
1394	2	1505
1394	3	2196
1394	0	1911
1505	6	2196
2196	5	2464
1911	7	2464
1479	2	1795
1479	3	2141
1479	0	1911
1795	6	2141
2141	5	2466
1911	7	2466
1480	2	1576
1480	0	1911
1911	7	2466
2466	5	2387
442	2	1867
442	0	1911
1911	7	2468
2468	5	2445
443	3	1919
443	0	1911
1919	5	2464
1911	7	2464
467	2	1586
467	3	2141
467	0	1911
1586	6	2141
2141	5	2466
1911	7	2466
388	2	1576
388	0	1911
1911	7	2466
393	2	1852
393	3	2241
393	0	1911
1852	6	2241
2241	5	2465
1911	7	2465
1391	2	1673
1391	3	2135
1391	0	1911
1673	6	2135
2135	5	2466
1911	7	2466
1393	2	1615
1393	3	2141
1393	0	1911
1615	6	2141
2141	5	2466
1911	7	2466
387	2	1852
387	3	2276
387	0	1911
1852	6	2276
2276	5	2465
1911	7	2465
436	2	1836
436	3	1987
436	0	1911
1836	6	1987
1987	5	2465
1911	7	2465
441	2	1715
441	3	2252
441	0	1911
1715	6	2252
2252	5	2465
1911	7	2465
382	2	1550
382	3	2118
382	0	1911
1550	6	2118
2118	5	2466
1911	7	2466
380	2	1576
380	3	1918
380	0	1911
1576	6	1918
1918	5	2466
1911	7	2466
438	2	1580
438	3	2006
438	0	1911
1580	6	2006
2006	5	2466
1911	7	2466
395	2	1576
395	3	2141
395	0	1911
1576	6	2141
2141	5	2466
1911	7	2466
473	2	1558
473	3	2109
473	0	1911
1558	6	2109
2109	5	2466
1911	7	2466
476	2	1576
476	3	2067
476	0	1911
1576	6	2067
2067	5	2466
1911	7	2466
477	2	1609
477	0	1911
1911	7	2466
478	2	1689
478	3	2276
478	0	1911
1689	6	2276
2276	5	2466
1911	7	2466
493	2	1656
493	3	2188
493	0	1911
1656	6	2188
2188	5	2466
1911	7	2466
512	2	1836
512	3	2081
512	0	1911
1836	6	2081
2081	5	2465
1911	7	2465
515	2	1576
515	3	2220
515	0	1911
1576	6	2220
2220	5	2466
1911	7	2466
518	2	1673
518	3	2045
518	0	1911
1673	6	2045
2045	5	2466
1911	7	2466
521	2	1576
521	3	2161
521	0	1911
1576	6	2161
2161	5	2466
1911	7	2466
522	2	1789
522	3	2141
522	0	1911
1789	6	2141
2141	5	2466
1911	7	2466
523	3	2270
523	0	1911
2270	5	2466
1911	7	2466
526	2	1735
526	3	2206
526	0	1911
1735	6	2206
2206	5	2466
1911	7	2466
528	2	1576
528	3	2243
528	0	1911
1576	6	2243
2243	5	2466
1911	7	2466
529	2	1852
529	3	1925
529	0	1911
1852	6	1925
1925	5	2465
1911	7	2465
530	2	1575
530	3	2217
530	0	1911
1575	6	2217
2217	5	2466
1911	7	2466
531	2	1693
531	0	1911
1911	7	2465
533	2	1836
533	3	2114
533	0	1911
1836	6	2114
2114	5	2465
1911	7	2465
538	2	1800
538	0	1911
1911	7	2466
541	2	1582
541	0	1911
1911	7	2466
542	2	1576
542	3	2141
542	0	1911
1576	6	2141
2141	5	2466
1911	7	2466
545	2	1576
545	3	2229
545	0	1911
1576	6	2229
2229	5	2466
1911	7	2466
548	2	1852
548	0	1911
1911	7	2465
549	2	1549
549	3	2347
549	0	1911
1549	6	2347
2347	5	2466
1911	7	2466
550	2	1852
550	3	2019
550	0	1911
1852	6	2019
2019	5	2465
1911	7	2465
554	2	1587
554	3	1985
554	0	1911
1587	6	1985
1985	5	2466
1911	7	2466
556	2	1748
556	3	2141
556	0	1911
1748	6	2141
2141	5	2466
1911	7	2466
558	2	1580
558	3	2155
558	0	1911
1580	6	2155
2155	5	2466
1911	7	2466
559	2	1836
559	3	1917
559	0	1911
1836	6	1917
1917	5	2465
1911	7	2465
560	2	1852
560	3	2276
560	0	1911
1852	6	2276
2276	5	2465
1911	7	2465
561	2	1505
561	3	2276
561	0	1911
1505	6	2276
2276	5	2464
1911	7	2464
563	2	1576
563	0	1911
1911	7	2466
567	2	1629
567	3	2363
567	0	1911
1629	6	2363
2363	5	2466
1911	7	2466
568	2	1751
568	3	2307
568	0	1911
1751	6	2307
2307	5	2466
1911	7	2466
569	2	1842
569	3	1925
569	0	1911
1842	6	1925
1925	5	2465
1911	7	2465
571	2	1540
571	3	2197
571	0	1911
1540	6	2197
2197	5	2466
1911	7	2466
572	2	1836
572	3	1917
572	0	1911
1836	6	1917
1917	5	2465
1911	7	2465
577	2	1857
577	3	2181
577	0	1911
1857	6	2181
2181	5	2466
1911	7	2466
583	2	1576
583	3	2141
583	0	1911
1576	6	2141
2141	5	2466
1911	7	2466
585	2	1576
585	3	2059
585	0	1911
1576	6	2059
2059	5	2466
1911	7	2466
598	2	1562
598	0	1911
1911	7	2465
613	2	1576
613	3	2136
613	0	1911
1576	6	2136
2136	5	2466
1911	7	2466
618	2	1576
618	3	2191
618	0	1911
1576	6	2191
2191	5	2466
1911	7	2466
620	2	1576
620	3	2141
620	0	1911
1576	6	2141
2141	5	2466
1911	7	2466
625	2	1779
625	0	1911
1911	7	2466
629	2	1580
629	3	2262
629	0	1911
1580	6	2262
2262	5	2466
1911	7	2466
634	2	1529
634	3	2025
634	0	1911
1529	6	2025
2025	5	2466
1911	7	2466
635	2	1838
635	3	2116
635	0	1911
1838	6	2116
2116	5	2464
1911	7	2464
637	2	1500
637	3	2052
637	0	1911
1500	6	2052
2052	5	2466
1911	7	2466
639	2	1882
639	3	2276
639	0	1911
1882	6	2276
2276	5	2466
1911	7	2466
640	2	1583
640	3	2141
640	0	1911
1583	6	2141
2141	5	2466
1911	7	2466
645	2	1673
645	3	2275
645	0	1911
1673	6	2275
2275	5	2468
1911	7	2468
646	2	1688
646	3	2282
646	0	1911
1688	6	2282
2282	5	2467
1911	7	2467
647	2	1842
647	3	2259
647	0	1911
1842	6	2259
2259	5	2465
1911	7	2465
648	2	1852
648	3	1925
648	0	1911
1852	6	1925
1925	5	2465
1911	7	2465
649	2	1576
649	3	2257
649	0	1911
1576	6	2257
2257	5	2466
1911	7	2466
651	2	1720
651	3	2010
651	0	1911
1720	6	2010
2010	5	2468
1911	7	2468
659	2	1625
659	0	1911
1911	7	2467
661	2	1580
661	3	2319
661	0	1911
1580	6	2319
2319	5	2466
1911	7	2466
664	2	1648
664	3	2286
664	0	1911
1648	6	2286
2286	5	2467
1911	7	2467
665	2	1766
665	0	1911
1911	7	2466
668	2	1576
668	3	2141
668	0	1911
1576	6	2141
2141	5	2466
1911	7	2466
672	2	1836
672	0	1911
1911	7	2465
677	2	1576
677	3	2141
677	0	1911
1576	6	2141
2141	5	2466
1911	7	2466
679	2	1705
679	3	2266
679	0	1911
1705	6	2266
2266	5	2466
1911	7	2466
683	2	1697
683	3	2338
683	0	1911
1697	6	2338
2338	5	2466
1911	7	2466
695	2	1817
695	3	2333
695	0	1911
1817	6	2333
2333	5	2467
1911	7	2467
703	3	2333
703	0	1911
2333	5	2466
1911	7	2466
704	2	1638
704	0	1911
1911	7	2467
712	2	1814
712	3	2333
712	0	1911
1814	6	2333
2333	5	2466
1911	7	2466
717	3	2333
717	0	1911
2333	5	2467
1911	7	2467
718	2	1842
718	3	2299
718	0	1911
1842	6	2299
2299	5	2465
1911	7	2465
721	2	1842
721	3	2299
721	0	1911
1842	6	2299
2299	5	2465
1911	7	2465
722	2	1852
722	3	2037
722	0	1911
1852	6	2037
2037	5	2465
1911	7	2465
723	2	1580
723	3	2033
723	0	1911
1580	6	2033
2033	5	2466
1911	7	2466
724	2	1585
724	3	2333
724	0	1911
1585	6	2333
2333	5	2466
1911	7	2466
728	2	1703
728	3	2340
728	0	1911
1703	6	2340
2340	5	2466
1911	7	2466
732	2	1782
732	3	2333
732	0	1911
1782	6	2333
2333	5	2467
1911	7	2467
735	2	1638
735	0	1911
1911	7	2466
737	2	1576
737	3	2141
737	0	1911
1576	6	2141
2141	5	2466
1911	7	2466
739	2	1627
739	3	2298
739	0	1911
1627	6	2298
2298	5	2466
1911	7	2466
741	2	1836
741	3	1917
741	0	1903
1836	6	1917
1917	5	2465
1903	7	2465
746	2	1576
746	0	1911
1911	7	2466
747	2	1576
747	3	2255
747	0	1911
1576	6	2255
2255	5	2466
1911	7	2466
748	3	2333
748	0	1911
2333	5	2467
1911	7	2467
750	2	1883
750	3	2282
750	0	1911
1883	6	2282
2282	5	2467
1911	7	2467
752	2	1578
752	3	2333
752	0	1911
1578	6	2333
2333	5	2466
1911	7	2466
753	2	1728
753	3	2109
753	0	1911
1728	6	2109
2109	5	2468
1911	7	2468
754	2	1576
754	3	2210
754	0	1911
1576	6	2210
2210	5	2466
1911	7	2466
755	2	1836
755	3	2114
755	0	1911
1836	6	2114
2114	5	2465
1911	7	2465
756	3	2333
756	0	1911
2333	5	2467
1911	7	2467
757	2	1614
757	0	1911
1911	7	2466
759	2	1580
759	3	2141
759	0	1911
1580	6	2141
2141	5	2466
1911	7	2466
761	2	1650
761	0	1911
1911	7	2466
762	3	2090
762	0	1911
2090	5	2466
1911	7	2466
763	2	1673
763	3	2045
763	0	1911
1673	6	2045
2045	5	2466
1911	7	2466
766	2	1835
766	3	2141
766	0	1911
1835	6	2141
2141	5	2465
1911	7	2465
771	2	1887
771	3	1924
771	0	1911
1887	6	1924
1924	5	2466
1911	7	2466
776	2	1805
776	3	2250
776	0	1911
1805	6	2250
2250	5	2465
1911	7	2465
780	2	1731
780	0	1911
1911	7	2468
785	2	1858
785	0	1911
1911	7	2466
787	2	1616
787	0	1911
1911	7	2466
788	2	1805
788	0	1911
1911	7	2465
789	2	1609
789	3	2068
789	0	1911
1609	6	2068
2068	5	2466
1911	7	2466
790	2	1648
790	3	2333
790	0	1911
1648	6	2333
2333	5	2466
1911	7	2466
815	2	1836
815	3	1917
815	0	1911
1836	6	1917
1917	5	2465
1911	7	2465
828	2	1613
828	3	2318
828	0	1911
1613	6	2318
2318	5	2466
1911	7	2466
831	2	1755
831	0	1911
1911	7	2468
836	0	1911
1911	7	2466
837	0	1911
1911	7	2464
838	2	1854
838	3	2028
838	0	1911
1854	6	2028
2028	5	2466
1911	7	2466
839	2	1830
839	3	2339
839	0	1911
1830	6	2339
2339	5	2466
1911	7	2466
841	2	1576
841	3	2141
841	0	1911
1576	6	2141
2141	5	2466
1911	7	2466
845	2	1707
845	3	2172
845	0	1911
1707	6	2172
2172	5	2466
1911	7	2466
848	2	1505
848	3	2302
848	0	1911
1505	6	2302
2302	5	2464
1911	7	2464
849	2	1720
849	3	2052
849	0	1911
1720	6	2052
2052	5	2468
1911	7	2468
850	2	1576
850	3	2141
850	0	1911
1576	6	2141
2141	5	2466
1911	7	2466
851	2	1576
851	3	2141
851	0	1911
1576	6	2141
2141	5	2466
1911	7	2466
855	0	1911
1911	7	2466
861	2	1518
861	0	1911
1911	7	2466
864	2	1577
864	0	1911
1911	7	2466
871	2	1576
871	0	1911
1911	7	2466
876	2	1848
876	0	1911
1911	7	2466
897	3	2343
897	0	1911
2343	5	2466
1911	7	2466
904	2	1845
904	3	2045
904	0	1911
1845	6	2045
2045	5	2466
1911	7	2466
905	2	1648
905	3	2333
905	0	1911
1648	6	2333
2333	5	2467
1911	7	2467
908	2	1627
908	3	2091
908	0	1911
1627	6	2091
2091	5	2466
1911	7	2466
909	2	1580
909	0	1911
1911	7	2466
910	0	1911
1911	7	2466
930	2	1852
930	3	2351
930	0	1911
1852	6	2351
2351	5	2465
1911	7	2465
933	2	1576
933	3	2141
933	0	1911
1576	6	2141
2141	5	2466
1911	7	2466
934	2	1509
934	3	1955
934	0	1911
1509	6	1955
1955	5	2465
1911	7	2465
953	2	1804
953	3	2273
953	0	1911
1804	6	2273
2273	5	2466
1911	7	2466
959	2	1587
959	3	1922
959	0	1911
1587	6	1922
1922	5	2466
1911	7	2466
971	2	1573
971	3	2141
971	0	1911
1573	6	2141
2141	5	2466
1911	7	2466
973	2	1644
973	3	2343
973	0	1911
1644	6	2343
2343	5	2467
1911	7	2467
974	2	1576
974	3	2255
974	0	1911
1576	6	2255
2255	5	2466
1911	7	2466
984	2	1852
984	0	1911
1911	7	2465
985	3	2109
985	0	1911
2109	5	2468
1911	7	2468
1001	2	1576
1001	3	2141
1001	0	1911
1576	6	2141
2141	5	2466
1911	7	2466
1007	2	1836
1007	3	2114
1007	0	1911
1836	6	2114
2114	5	2465
1911	7	2465
1024	2	1844
1024	3	2141
1024	0	1911
1844	6	2141
2141	5	2466
1911	7	2466
1027	2	1815
1027	3	1958
1027	0	1911
1815	6	1958
1958	5	2466
1911	7	2466
1028	3	2032
1028	0	1911
2032	5	2464
1911	7	2464
1029	2	1897
1029	0	1911
1911	7	2465